0.792005 0.127735 0.037140 0.011913 0.031208
0.776608 0.066350 0.000010 0.115193 0.041839
0.807004 0.136259 0.015381 0.027915 0.013440
0.802280 0.107722 0.040964 0.004061 0.044972
0.770084 0.129765 0.044572 0.039863 0.015714
0.795192 0.132185 0.039306 0.000010 0.033306
0.799565 0.121888 0.026721 0.009439 0.042386
0.807045 0.045784 0.027198 0.092279 0.027693
0.777581 0.103228 0.037110 0.080293 0.001787
0.792806 0.101109 0.047057 0.012630 0.046399
0.781903 0.142383 0.026024 0.004729 0.044961
0.788157 0.130423 0.059755 0.000010 0.021655
0.783884 0.111058 0.030794 0.037455 0.036809
0.828142 0.123793 0.019063 0.001588 0.027414
0.805934 0.105637 0.055278 0.012681 0.020470
0.789608 0.122904 0.028976 0.000010 0.058502
0.787356 0.155655 0.019847 0.013718 0.023425
0.798278 0.102915 0.029437 0.019411 0.049960
0.783341 0.099831 0.041654 0.059398 0.015776
0.775447 0.114875 0.041736 0.031652 0.036291
0.777246 0.131770 0.013145 0.035206 0.042634
0.765847 0.145419 0.035100 0.051658 0.001976
0.741468 0.118618 0.015610 0.082730 0.041574
0.763934 0.114846 0.031961 0.082860 0.006400
0.807634 0.118836 0.025642 0.000010 0.047878
0.794828 0.139576 0.048978 0.007279 0.009339
0.614782 0.022405 0.000010 0.328534 0.034269
0.611805 0.000010 0.027298 0.325052 0.035835
0.622459 0.042296 0.003313 0.316679 0.015253
0.655769 0.000010 0.026750 0.283304 0.034167
0.573942 0.042622 0.010717 0.350528 0.022191
0.600462 0.035126 0.003564 0.341477 0.019371
0.641323 0.005983 0.039830 0.300866 0.011998
0.621183 0.000010 0.023089 0.313414 0.042303
0.585166 0.013798 0.014414 0.361789 0.024833
0.607636 0.000010 0.033561 0.337964 0.020829
0.594782 0.023630 0.014817 0.338797 0.027973
0.651635 0.028669 0.018232 0.282540 0.018923
0.593084 0.015467 0.010598 0.360041 0.020810
0.677306 0.004103 0.031862 0.259862 0.026866
0.656794 0.002858 0.035912 0.293347 0.011090
0.650719 0.022050 0.015332 0.284919 0.026980
0.600600 0.000010 0.031368 0.343004 0.025018
0.639382 0.025401 0.004466 0.302125 0.028625
0.612569 0.000010 0.044413 0.317097 0.025911
0.615553 0.009998 0.014573 0.331832 0.028045
0.639462 0.019296 0.018176 0.312409 0.010656
0.640583 0.018252 0.014086 0.314594 0.012485
0.557348 0.004274 0.011504 0.402111 0.024763
0.633776 0.007853 0.025545 0.308988 0.023837
0.646761 0.000010 0.053476 0.285927 0.013826
0.611045 0.000010 0.020742 0.338589 0.029613
0.565739 0.000010 0.016373 0.359193 0.058685
0.604516 0.016132 0.022668 0.334243 0.022441
0.671167 0.011127 0.018651 0.264187 0.034869
0.669118 0.000010 0.028714 0.280816 0.021342
0.668904 0.024643 0.033557 0.266527 0.006369
0.624988 0.000010 0.032477 0.312545 0.029980
0.524503 0.157821 0.043357 0.163042 0.111278
0.509327 0.137959 0.032527 0.170359 0.149828
0.506270 0.171394 0.034838 0.172721 0.114777
0.550272 0.154012 0.000010 0.172446 0.123261
0.498329 0.171147 0.030399 0.163658 0.136467
0.542578 0.090466 0.038718 0.198151 0.130088
0.488745 0.181445 0.036916 0.181624 0.111270
0.492333 0.119804 0.017255 0.218632 0.151975
0.000010 0.024123 0.008117 0.966334 0.001416
0.559994 0.121943 0.035914 0.189766 0.092383
0.466989 0.204898 0.016516 0.156862 0.154734
0.389248 0.050647 0.027934 0.428759 0.103412
0.661374 0.075533 0.016392 0.168903 0.077797
0.515395 0.131015 0.033306 0.208533 0.111751
0.606376 0.082481 0.031222 0.156001 0.123921
0.282540 0.231690 0.056787 0.151533 0.277450
0.282124 0.207807 0.053367 0.154582 0.302119
0.267060 0.237786 0.070364 0.150675 0.274115
0.304486 0.245345 0.037557 0.139630 0.272983
0.289674 0.240503 0.043060 0.162314 0.264449
0.295574 0.275631 0.050584 0.139740 0.238470
0.263767 0.244773 0.024656 0.143500 0.323304
0.353196 0.222982 0.034883 0.131917 0.257023
0.327138 0.223179 0.062174 0.142221 0.245288
0.324793 0.213314 0.050596 0.134673 0.276624
0.271028 0.264013 0.053585 0.143998 0.267376
0.335603 0.227379 0.061643 0.125555 0.249820
0.283017 0.196841 0.066026 0.125609 0.328507
0.241914 0.227661 0.068495 0.181727 0.280202
0.252258 0.226293 0.053394 0.175993 0.292063
0.260667 0.223285 0.050818 0.190572 0.274659
0.378900 0.219470 0.014015 0.172404 0.215211
0.264500 0.262984 0.042807 0.176243 0.253465
0.329504 0.246778 0.048056 0.144706 0.230956
0.271925 0.244794 0.032170 0.157760 0.293351
0.282676 0.264930 0.040365 0.141977 0.270052
0.229717 0.256895 0.042499 0.174254 0.296635
0.318869 0.260303 0.048364 0.098234 0.274230
0.337427 0.207432 0.050481 0.169524 0.235136
0.255141 0.271024 0.025837 0.150907 0.297091
0.264239 0.232513 0.037365 0.131299 0.334583
0.276234 0.228309 0.059340 0.153997 0.282120
0.437137 0.211758 0.035368 0.125824 0.189914
0.315698 0.259097 0.030658 0.125480 0.269067
0.269492 0.231291 0.060734 0.168817 0.269666
0.234804 0.270035 0.029656 0.132250 0.333254
0.309100 0.189272 0.076585 0.143954 0.281089
0.269122 0.250948 0.040979 0.147505 0.291445
0.296721 0.237351 0.027562 0.119342 0.319023
0.704399 0.071716 0.058155 0.127518 0.038211
0.697997 0.092133 0.021728 0.135149 0.052993
0.667049 0.102251 0.019660 0.174186 0.036854
0.732455 0.053580 0.039114 0.107507 0.067344
0.703048 0.060427 0.031098 0.134152 0.071274
0.710319 0.059951 0.056962 0.131039 0.041729
0.649709 0.100365 0.034100 0.165321 0.050505
0.681378 0.086392 0.032927 0.151014 0.048290
0.702701 0.065889 0.034591 0.142588 0.054231
0.714111 0.054926 0.045266 0.141921 0.043775
0.738969 0.077432 0.010544 0.121272 0.051782
0.723342 0.094826 0.027777 0.115005 0.039050
0.713104 0.061025 0.045314 0.132883 0.047674
0.409551 0.050493 0.028162 0.471149 0.040646
0.711783 0.072583 0.032430 0.138629 0.044575
0.710386 0.078382 0.045617 0.121012 0.044602
0.694429 0.084025 0.020910 0.139594 0.061042
0.713829 0.100662 0.030578 0.122497 0.032434
0.723763 0.071946 0.046265 0.117936 0.040090
0.722457 0.083666 0.046170 0.136172 0.011534
0.712997 0.102535 0.037283 0.094231 0.052955
0.703929 0.062011 0.031326 0.133878 0.068855
0.724939 0.082347 0.041868 0.114840 0.036007
0.683123 0.065606 0.048620 0.151957 0.050694
0.704276 0.102721 0.000010 0.131797 0.061196
0.691368 0.087400 0.038033 0.126410 0.056788
0.690394 0.112695 0.031965 0.137736 0.027210
0.708124 0.082966 0.026063 0.137639 0.045207
0.675547 0.122253 0.034566 0.143319 0.024315
0.693119 0.059651 0.063001 0.138321 0.045908
0.686919 0.079773 0.033133 0.160355 0.039820
0.730690 0.068549 0.031209 0.108698 0.060854
0.726937 0.064305 0.044059 0.122034 0.042665
0.491099 0.230960 0.055302 0.129111 0.093527
0.495066 0.269411 0.030068 0.104293 0.101162
0.462109 0.246088 0.023607 0.118845 0.149351
0.555014 0.213425 0.024468 0.092763 0.114330
0.520658 0.219556 0.024681 0.123736 0.111368
0.496484 0.225006 0.056971 0.112534 0.109005
0.519969 0.198147 0.050966 0.129693 0.101225
0.493263 0.262556 0.025958 0.110978 0.107245
0.466977 0.254082 0.025437 0.119596 0.133908
0.528851 0.211149 0.054949 0.096340 0.108711
0.510132 0.251169 0.030767 0.083794 0.124137
0.768806 0.073638 0.019556 0.112999 0.025001
0.490557 0.250752 0.026285 0.116395 0.116011
0.490843 0.278692 0.037913 0.084009 0.108543
0.522080 0.210594 0.027047 0.101701 0.138577
0.508125 0.221478 0.048070 0.123482 0.098845
0.470240 0.241649 0.054117 0.102116 0.131878
0.501267 0.220630 0.052182 0.113795 0.112127
0.501444 0.231730 0.049631 0.117055 0.100140
0.532879 0.210775 0.060102 0.080563 0.115681
0.485893 0.258138 0.032321 0.096279 0.127370
0.461413 0.245242 0.041400 0.134211 0.117734
0.468364 0.256641 0.013842 0.144657 0.116495
0.492133 0.235731 0.043955 0.117336 0.110846
0.498342 0.234303 0.030448 0.125097 0.111810
0.536393 0.197585 0.043351 0.109061 0.113609
0.480708 0.236558 0.049994 0.114504 0.118235
0.474129 0.243099 0.033897 0.136143 0.112731
0.735490 0.054211 0.000010 0.207232 0.003058
0.804572 0.021697 0.017212 0.139904 0.016616
0.817322 0.047908 0.020618 0.114141 0.000010
0.801801 0.008101 0.048473 0.135143 0.006483
0.799475 0.033161 0.013853 0.129971 0.023541
0.797263 0.049348 0.020526 0.132854 0.000010
0.816771 0.038900 0.008562 0.131335 0.004432
0.817514 0.001595 0.038014 0.123629 0.019248
0.801471 0.018222 0.033087 0.129490 0.017730
0.797779 0.014714 0.019140 0.137315 0.031052
0.707055 0.000010 0.028604 0.238469 0.025862
0.780011 0.045456 0.021160 0.147756 0.005617
0.831174 0.039294 0.005349 0.124173 0.000010
0.796069 0.018072 0.023133 0.143589 0.019137
0.788331 0.036447 0.023065 0.152146 0.000010
0.812813 0.020160 0.028281 0.125559 0.013186
0.776091 0.045610 0.018664 0.151139 0.008495
0.808348 0.026278 0.039845 0.125518 0.000010
0.826528 0.050868 0.000010 0.109777 0.012817
0.829074 0.008888 0.053491 0.108422 0.000125
0.782067 0.026986 0.026228 0.151855 0.012863
0.816450 0.035571 0.007104 0.122397 0.018477
0.816991 0.031808 0.020043 0.111979 0.019179
0.746860 0.052006 0.013762 0.171798 0.015573
0.619610 0.000010 0.025788 0.312619 0.041973
0.816033 0.015167 0.043410 0.122091 0.003300
0.783359 0.011797 0.028994 0.167355 0.008495
0.760990 0.050053 0.016530 0.162256 0.010171
0.757785 0.028595 0.018086 0.183406 0.012128
0.167742 0.072848 0.021976 0.725747 0.011686
0.192777 0.053495 0.026204 0.721809 0.005715
0.172636 0.075162 0.016108 0.724283 0.011811
0.163406 0.056792 0.014346 0.730713 0.034743
0.171975 0.021294 0.027171 0.741938 0.037621
0.182847 0.048932 0.036131 0.732080 0.000010
0.175976 0.057917 0.003435 0.718374 0.044297
0.147960 0.071400 0.014684 0.737412 0.028543
0.190488 0.030830 0.026702 0.730741 0.021238
0.174325 0.076874 0.022477 0.710655 0.015670
0.157281 0.056486 0.036695 0.727918 0.021620
0.204924 0.028957 0.005914 0.711682 0.048524
0.154153 0.086598 0.013779 0.731596 0.013874
0.168147 0.051779 0.007996 0.748804 0.023275
0.193513 0.059647 0.014897 0.716629 0.015315
0.164650 0.067234 0.036138 0.731500 0.000477
0.236217 0.055845 0.019162 0.672168 0.016607
0.159436 0.055083 0.024106 0.752281 0.009093
0.115874 0.026781 0.028303 0.812746 0.016295
0.117779 0.023929 0.010722 0.827555 0.020016
0.150996 0.021420 0.032571 0.757376 0.037638
0.088123 0.034164 0.048503 0.829199 0.000010
0.100624 0.010762 0.013195 0.849129 0.026289
0.101218 0.029061 0.033154 0.806205 0.030361
0.148079 0.019577 0.037774 0.748787 0.045783
0.112372 0.032112 0.047154 0.794516 0.013846
0.086927 0.013016 0.027673 0.840948 0.031437
0.099206 0.044472 0.024745 0.831568 0.000010
0.130423 0.029294 0.011761 0.793456 0.035065
0.397813 0.059975 0.031429 0.435204 0.075579
0.101076 0.044660 0.005530 0.830162 0.018572
0.144371 0.040166 0.010067 0.767133 0.038263
0.131741 0.011664 0.044164 0.757113 0.055318
0.111088 0.047231 0.006793 0.800255 0.034634
0.098380 0.033206 0.028844 0.796827 0.042743
0.167269 0.018694 0.020860 0.747614 0.045563
0.116887 0.045327 0.012274 0.809906 0.015606
0.094750 0.042281 0.005609 0.832475 0.024885
0.125301 0.026562 0.021306 0.813167 0.013665
0.109685 0.031534 0.018844 0.824120 0.015818
0.072178 0.039667 0.023408 0.845415 0.019331
0.153814 0.048213 0.016350 0.736899 0.044724
0.075676 0.024018 0.031684 0.837597 0.031025
0.101020 0.017304 0.026562 0.811850 0.043264
0.096086 0.029854 0.041157 0.820359 0.012544
0.113395 0.044006 0.014628 0.797882 0.030089
0.107520 0.038899 0.046786 0.798168 0.008628
0.091187 0.032595 0.030257 0.816277 0.029684
0.141654 0.000010 0.034859 0.809731 0.013745
0.173235 0.047749 0.036419 0.677371 0.065227
0.156747 0.046558 0.037016 0.713011 0.046668
0.166461 0.043604 0.004961 0.693866 0.091108
0.158625 0.032159 0.025068 0.723708 0.060441
0.163748 0.043341 0.019658 0.693182 0.080071
0.176624 0.044264 0.000010 0.698400 0.080702
0.138436 0.040753 0.000139 0.741414 0.079258
0.178116 0.045692 0.045695 0.690166 0.040332
0.184949 0.051288 0.011467 0.669987 0.082309
0.142475 0.027633 0.008802 0.749496 0.071594
0.138050 0.058154 0.008394 0.725180 0.070221
0.164295 0.020419 0.028995 0.709544 0.076747
0.190394 0.011546 0.024780 0.699917 0.073363
0.176191 0.055868 0.000010 0.684532 0.083399
0.150574 0.013970 0.030427 0.742129 0.062900
0.147312 0.014511 0.015602 0.740786 0.081790
0.129636 0.048362 0.009820 0.736842 0.075339
0.167364 0.027322 0.019732 0.704091 0.081490
0.162969 0.043151 0.000010 0.704873 0.088996
0.195620 0.026521 0.016304 0.675353 0.086201
0.150353 0.049184 0.022929 0.702888 0.074647
0.170047 0.027094 0.034042 0.709656 0.059161
0.156095 0.012777 0.040984 0.708169 0.081975
0.142145 0.056323 0.029120 0.734213 0.038199
0.174514 0.027535 0.044543 0.693089 0.060319
0.140130 0.036256 0.003844 0.735731 0.084040
0.116665 0.045110 0.026976 0.755312 0.055937
0.161910 0.046297 0.000010 0.694130 0.097653
0.198704 0.010463 0.024063 0.719995 0.046775
0.134479 0.055165 0.039471 0.718079 0.052807
0.168122 0.029469 0.016770 0.687632 0.098008
0.128500 0.034959 0.009435 0.763113 0.063994
0.182768 0.041276 0.000010 0.681295 0.094651
0.167745 0.045764 0.024277 0.710553 0.051661
0.172059 0.016008 0.034499 0.718549 0.058885
0.022179 0.013012 0.008465 0.945395 0.010949
0.025346 0.000010 0.004095 0.963396 0.007153
0.034473 0.019558 0.003151 0.933252 0.009566
0.045925 0.024878 0.000527 0.913412 0.015258
0.000010 0.032061 0.000010 0.967909 0.000010
0.024149 0.016894 0.000010 0.951983 0.006964
0.073410 0.024518 0.019570 0.879460 0.003043
0.008973 0.005125 0.002792 0.977531 0.005580
0.000010 0.000010 0.013908 0.964379 0.021693
0.000010 0.000010 0.015810 0.984160 0.000010
0.005271 0.026153 0.000010 0.964528 0.004038
0.052641 0.000010 0.000010 0.924642 0.022697
0.013725 0.008243 0.014617 0.954088 0.009327
0.000799 0.021361 0.008845 0.968986 0.000010
0.040882 0.000010 0.023605 0.928170 0.007333
0.084139 0.009866 0.012799 0.892371 0.000824
0.023670 0.003930 0.022243 0.950146 0.000010
0.015098 0.000010 0.004214 0.966605 0.014073
0.050026 0.012988 0.014766 0.922211 0.000010
0.090581 0.018520 0.021056 0.869833 0.000010
0.000010 0.000010 0.012125 0.975971 0.011884
0.000010 0.029788 0.000010 0.954227 0.015965
0.020669 0.000010 0.009497 0.963351 0.006473
0.001843 0.000565 0.009903 0.987680 0.000010
0.000010 0.000010 0.012892 0.974366 0.012722
0.010416 0.005574 0.008988 0.967149 0.007873
0.262261 0.034420 0.032715 0.610380 0.060225
0.000010 0.021482 0.000010 0.971775 0.006723
0.033853 0.000010 0.027662 0.938466 0.000010
0.036057 0.002518 0.010643 0.938429 0.012353
0.016602 0.026090 0.006104 0.951193 0.000010
0.162356 0.060845 0.028398 0.677264 0.071137
0.153773 0.031251 0.029681 0.696823 0.088473
0.026047 0.013619 0.016449 0.938520 0.005365
0.000475 0.003262 0.027737 0.968516 0.000010
0.030408 0.002978 0.015182 0.951422 0.000010
0.734154 0.021752 0.026239 0.203576 0.014280
0.775697 0.050031 0.020985 0.144703 0.008584
0.733646 0.063957 0.030906 0.157846 0.013646
0.750912 0.031760 0.007181 0.203660 0.006486
0.774145 0.050167 0.000010 0.154171 0.021508
0.744232 0.052807 0.033862 0.155232 0.013866
0.756620 0.027694 0.017568 0.172681 0.025438
0.696765 0.024619 0.007575 0.250144 0.020897
0.779085 0.026049 0.034382 0.157940 0.002545
0.739368 0.066700 0.018480 0.165968 0.009484
0.719662 0.036989 0.041226 0.202114 0.000010
0.712980 0.039724 0.021706 0.220437 0.005153
0.777719 0.051048 0.008852 0.162371 0.000010
0.705560 0.027646 0.025749 0.231595 0.009451
0.765817 0.034585 0.021717 0.170740 0.007140
0.728088 0.016748 0.023134 0.207210 0.024820
0.789770 0.027280 0.020386 0.134395 0.028170
0.798001 0.041425 0.006305 0.139131 0.015138
0.615144 0.151153 0.034170 0.123176 0.076357
0.607225 0.067855 0.010581 0.308926 0.005413
0.771100 0.000010 0.027257 0.168502 0.033131
0.740491 0.056920 0.008651 0.193929 0.000010
0.681006 0.047998 0.000010 0.257746 0.013241
0.751120 0.015039 0.025920 0.185699 0.022223
0.765133 0.025574 0.023174 0.172220 0.013900
0.741418 0.009485 0.025833 0.213878 0.009386
0.770159 0.023282 0.023159 0.182491 0.000908
0.086872 0.021563 0.019355 0.792743 0.079467
0.753207 0.022105 0.016846 0.193324 0.014518
0.079926 0.054763 0.010470 0.798843 0.055998
0.635893 0.231578 0.077680 0.046734 0.008115
0.611200 0.264809 0.038734 0.048916 0.036341
0.649324 0.299444 0.033142 0.011892 0.006197
0.620732 0.279273 0.023110 0.048508 0.028376
0.626088 0.232601 0.029695 0.064676 0.046939
0.646284 0.281096 0.020204 0.037722 0.014694
0.623066 0.249494 0.019565 0.054786 0.053089
0.614412 0.270897 0.039226 0.055979 0.019486
0.627053 0.232358 0.064542 0.047829 0.028219
0.642565 0.247245 0.024835 0.043135 0.042219
0.577545 0.248040 0.027131 0.096708 0.050577
0.636696 0.247172 0.019765 0.061338 0.035029
0.639976 0.266226 0.025015 0.046699 0.022084
0.655603 0.234050 0.019304 0.051350 0.039693
0.552513 0.273585 0.026728 0.101349 0.045825
0.673518 0.218864 0.019185 0.032230 0.056203
0.631697 0.214568 0.041693 0.058217 0.053825
0.641046 0.248068 0.021030 0.061835 0.028021
0.630506 0.262487 0.028095 0.031991 0.046921
0.631407 0.248690 0.050586 0.033161 0.036155
0.651593 0.233733 0.029105 0.038524 0.047046
0.644523 0.242256 0.021795 0.034854 0.056571
0.595909 0.237307 0.033270 0.089946 0.043568
0.629280 0.255801 0.033972 0.039825 0.041122
0.610924 0.260663 0.020974 0.056637 0.050802
0.588861 0.290039 0.010373 0.074560 0.036166
0.652808 0.243238 0.026225 0.041753 0.035976
0.622593 0.246341 0.013997 0.065711 0.051357
0.665478 0.255384 0.004005 0.024850 0.050283
0.639778 0.261614 0.031919 0.022157 0.044533
0.675705 0.191771 0.048122 0.041772 0.042631
0.622540 0.255292 0.025256 0.052317 0.044594
0.170170 0.031790 0.033400 0.677067 0.087573
0.199289 0.069839 0.011527 0.654494 0.064851
0.161943 0.011170 0.013475 0.718688 0.094725
0.040260 0.061916 0.008466 0.821889 0.067469
0.139220 0.033026 0.030793 0.737952 0.059009
0.144807 0.033043 0.045368 0.689437 0.087345
0.149593 0.039471 0.010541 0.715868 0.084527
0.157460 0.069536 0.011766 0.717119 0.044119
0.185801 0.018407 0.023712 0.698396 0.073683
0.180335 0.036435 0.022325 0.686111 0.074793
0.098826 0.020340 0.045863 0.775521 0.059450
0.149823 0.049634 0.003906 0.730934 0.065702
0.175827 0.045070 0.009669 0.705390 0.064044
0.192922 0.028575 0.033366 0.694639 0.050499
0.138288 0.052263 0.000010 0.715078 0.094361
0.123876 0.047901 0.011402 0.737688 0.079134
0.165986 0.003300 0.043485 0.719761 0.067468
0.195149 0.041033 0.014046 0.675948 0.073826
0.142575 0.064286 0.024330 0.708141 0.060668
0.186643 0.035002 0.019961 0.687952 0.070441
0.181258 0.031458 0.036042 0.676207 0.075036
0.197950 0.024066 0.025156 0.695864 0.056964
0.138990 0.014024 0.021457 0.709600 0.115929
0.174540 0.056078 0.036021 0.704021 0.029340
0.169729 0.031690 0.012722 0.722466 0.063392
0.138773 0.042315 0.013788 0.744765 0.060358
0.186269 0.059974 0.001888 0.696442 0.055426
0.147051 0.048279 0.025286 0.703054 0.076330
0.158840 0.035437 0.024875 0.712118 0.068731
0.177923 0.058115 0.004721 0.699315 0.059926
0.158660 0.033943 0.022372 0.693454 0.091571
0.174913 0.032588 0.033602 0.726493 0.032404
0.122974 0.047000 0.011537 0.758277 0.060212
0.099725 0.046996 0.002211 0.793674 0.057395
0.055359 0.034186 0.016516 0.779414 0.114526
0.102869 0.016978 0.013971 0.791368 0.074813
0.125943 0.025333 0.031063 0.747362 0.070299
0.081618 0.034304 0.019680 0.794452 0.069947
0.084708 0.012727 0.024365 0.779473 0.098726
0.118931 0.038676 0.040310 0.745040 0.057044
0.115229 0.023768 0.012276 0.754149 0.094578
0.076399 0.054116 0.024990 0.799047 0.045448
0.102965 0.036402 0.022529 0.778215 0.059889
0.130292 0.036965 0.012796 0.765810 0.054138
0.141490 0.053798 0.002868 0.740673 0.061172
0.120437 0.025504 0.038327 0.760219 0.055513
0.110231 0.039508 0.037829 0.468337 0.344094
0.075169 0.038366 0.017467 0.816818 0.052180
0.161577 0.023977 0.002935 0.723235 0.088277
0.101751 0.044126 0.024559 0.768356 0.061208
0.106081 0.006398 0.017844 0.788774 0.080903
0.115213 0.017039 0.040254 0.747529 0.079965
0.078564 0.036795 0.025881 0.787577 0.071183
0.057125 0.051297 0.033692 0.819790 0.038096
0.008292 0.023662 0.026167 0.932763 0.009116
0.056979 0.006480 0.034325 0.892228 0.009988
0.013946 0.007275 0.039521 0.925491 0.013767
0.013326 0.027964 0.002665 0.940789 0.015256
0.038264 0.021383 0.010865 0.921772 0.007716
0.044575 0.009526 0.005964 0.923866 0.016069
0.028172 0.037089 0.000010 0.914866 0.019863
0.032935 0.022674 0.019494 0.914194 0.010703
0.019326 0.005733 0.019210 0.939417 0.016315
0.008466 0.038565 0.002704 0.946775 0.003490
0.024134 0.000010 0.027969 0.909984 0.037904
0.045755 0.004827 0.033331 0.916078 0.000010
0.021440 0.003302 0.022510 0.928426 0.024323
0.183813 0.004808 0.029157 0.755628 0.026594
0.018948 0.043044 0.022812 0.911726 0.003470
0.039405 0.025978 0.013636 0.894878 0.026103
0.024369 0.028616 0.009061 0.937944 0.000010
0.022609 0.014086 0.020962 0.914359 0.027984
0.404210 0.046324 0.009234 0.520792 0.019440
0.000010 0.030332 0.006149 0.955945 0.007563
0.103230 0.000010 0.016173 0.855352 0.025235
0.029671 0.017687 0.020131 0.932501 0.000010
0.045296 0.043733 0.000010 0.872423 0.038538
0.026927 0.003383 0.034703 0.934977 0.000010
0.037586 0.008904 0.024223 0.917314 0.011973
0.048048 0.018053 0.005181 0.921863 0.006856
0.415484 0.414509 0.033166 0.098617 0.038225
0.428164 0.374574 0.031443 0.129630 0.036189
0.425322 0.406964 0.000010 0.106869 0.060835
0.390144 0.421492 0.005508 0.121464 0.061392
0.383521 0.457567 0.000010 0.114564 0.044338
0.406091 0.443353 0.000010 0.115644 0.034902
0.527432 0.308198 0.028933 0.073769 0.061668
0.402759 0.434086 0.026275 0.093723 0.043156
0.427284 0.452685 0.000010 0.080573 0.039447
0.429942 0.411419 0.006688 0.101786 0.050166
0.406111 0.447360 0.019333 0.112714 0.014483
0.393676 0.434084 0.018721 0.106054 0.047466
0.445667 0.402785 0.013138 0.082707 0.055703
0.481232 0.356359 0.005774 0.096077 0.060558
0.441079 0.383164 0.003019 0.124825 0.047913
0.444595 0.406746 0.015016 0.080860 0.052784
0.430179 0.435501 0.000010 0.091842 0.042468
0.618939 0.192315 0.044396 0.110987 0.033364
0.445428 0.439092 0.000010 0.074102 0.041368
0.560611 0.264282 0.012628 0.125421 0.037058
0.440141 0.414896 0.014103 0.086163 0.044698
0.432173 0.407020 0.029515 0.098955 0.032337
0.386384 0.480426 0.000010 0.101429 0.031751
0.350688 0.454214 0.000010 0.147729 0.047359
0.539636 0.326438 0.012689 0.090070 0.031168
0.141031 0.075114 0.022522 0.403922 0.357410
0.142705 0.089474 0.000010 0.313613 0.454198
0.154655 0.057855 0.030940 0.348375 0.408175
0.178988 0.055255 0.051256 0.347134 0.367367
0.144662 0.076741 0.037412 0.406764 0.334420
0.131927 0.054025 0.018770 0.386570 0.408707
0.137445 0.085556 0.017961 0.346400 0.412637
0.154574 0.088575 0.027439 0.368342 0.361070
0.385259 0.088963 0.032681 0.265730 0.227367
0.316436 0.111992 0.042110 0.291569 0.237894
0.176207 0.045897 0.025731 0.332988 0.419177
0.116486 0.110308 0.000010 0.460853 0.312343
0.146596 0.074400 0.026160 0.396787 0.356056
0.107139 0.104580 0.027616 0.352481 0.408183
0.287488 0.078592 0.033241 0.288586 0.312093
0.161335 0.079461 0.000010 0.319524 0.439670
0.169817 0.065329 0.055823 0.311550 0.397481
0.155460 0.069765 0.026062 0.326077 0.422635
0.145434 0.052459 0.036769 0.377924 0.387414
0.179263 0.046004 0.027159 0.362617 0.384958
0.157112 0.087586 0.000010 0.370713 0.384579
0.140862 0.038471 0.023511 0.350419 0.446737
0.168479 0.033466 0.014592 0.368259 0.415203
0.117458 0.058535 0.043236 0.364313 0.416457
0.122130 0.066295 0.043579 0.389029 0.378966
0.117447 0.061795 0.029931 0.381681 0.409146
0.132809 0.071307 0.028528 0.382379 0.384978
0.159507 0.059539 0.026756 0.306745 0.447453
0.164471 0.093781 0.005057 0.350466 0.386227
0.179493 0.049995 0.036993 0.345596 0.387923
0.118556 0.077580 0.040318 0.327653 0.435893
0.126878 0.104639 0.000010 0.362081 0.406391
0.169783 0.058208 0.043655 0.372794 0.355560
0.160693 0.052439 0.050355 0.344857 0.391656
0.321664 0.156676 0.040362 0.235296 0.246002
0.132118 0.078532 0.011927 0.412338 0.365086
0.116128 0.042040 0.052195 0.379022 0.410615
0.196748 0.057935 0.061455 0.324334 0.359528
0.085912 0.097982 0.032419 0.156217 0.627470
0.500090 0.181478 0.000010 0.195539 0.122884
0.519239 0.147919 0.051446 0.149446 0.131950
0.550664 0.126471 0.022659 0.172319 0.127888
0.506823 0.166100 0.024363 0.205523 0.097191
0.490417 0.142150 0.018103 0.199796 0.149534
0.504814 0.169996 0.026779 0.166538 0.131872
0.500567 0.148503 0.039447 0.189892 0.121591
0.431640 0.179953 0.036116 0.211186 0.141105
0.487708 0.184388 0.039440 0.144494 0.143969
0.491484 0.127836 0.050009 0.239089 0.091582
0.534322 0.152554 0.036364 0.133707 0.143053
0.484771 0.187902 0.051174 0.175750 0.100403
0.479566 0.140806 0.040198 0.179411 0.160019
0.485823 0.165660 0.039376 0.206592 0.102549
0.486801 0.179058 0.016478 0.169728 0.147936
0.500130 0.155299 0.025177 0.181490 0.137904
0.567526 0.112867 0.032336 0.214268 0.073003
0.470456 0.180672 0.043512 0.174476 0.130883
0.508346 0.148681 0.034472 0.185906 0.122595
0.000010 0.067640 0.854860 0.000010 0.077480
0.387062 0.034804 0.443196 0.067050 0.067888
0.050781 0.070495 0.849372 0.000010 0.029341
0.000010 0.283691 0.416317 0.000010 0.299972
0.000010 0.159076 0.569445 0.000010 0.271459
0.441840 0.137322 0.289247 0.066035 0.065556
0.000010 0.000010 0.999960 0.000010 0.000010
0.000010 0.000010 0.999960 0.000010 0.000010
0.000010 0.000010 0.999960 0.000010 0.000010
0.061163 0.026467 0.911297 0.001064 0.000010
0.370968 0.148438 0.234295 0.045558 0.200741
0.000010 0.000010 0.956706 0.000010 0.043264
0.000010 0.000010 0.999960 0.000010 0.000010
0.010569 0.113999 0.795389 0.000010 0.080034
0.041273 0.187865 0.667971 0.000010 0.102881
0.000010 0.000010 0.999960 0.000010 0.000010
0.432670 0.108295 0.300918 0.059992 0.098124
0.006953 0.000010 0.989076 0.003951 0.000010
0.000010 0.000010 0.999960 0.000010 0.000010
0.000010 0.000010 0.999960 0.000010 0.000010
0.056218 0.000010 0.942056 0.001706 0.000010
0.000010 0.071147 0.680456 0.000010 0.248377
0.000010 0.000010 0.999960 0.000010 0.000010
0.000010 0.000010 0.999960 0.000010 0.000010
0.043632 0.008208 0.948140 0.000010 0.000010
0.000010 0.106049 0.765468 0.000010 0.128464
0.000010 0.000010 0.999960 0.000010 0.000010
0.300596 0.000010 0.615360 0.084024 0.000010
0.000010 0.000010 0.999960 0.000010 0.000010
0.000010 0.177996 0.697071 0.000010 0.124914
0.000010 0.000010 0.999960 0.000010 0.000010
0.056788 0.091863 0.071634 0.137729 0.641986
0.065110 0.062488 0.037286 0.174453 0.660663
0.075071 0.080033 0.027327 0.170891 0.646677
0.109521 0.059819 0.052464 0.192807 0.585389
0.084757 0.082908 0.050120 0.139502 0.642713
0.100325 0.079913 0.043707 0.183674 0.592382
0.093291 0.060910 0.040702 0.148310 0.656786
0.185222 0.091685 0.039464 0.141628 0.542001
0.127532 0.031987 0.037304 0.185339 0.617838
0.180881 0.089317 0.035144 0.178401 0.516257
0.121582 0.079982 0.023027 0.120154 0.655255
0.092949 0.077952 0.041055 0.160101 0.627943
0.097216 0.065614 0.063707 0.134251 0.639212
0.069636 0.070045 0.051086 0.118134 0.691099
0.056616 0.099041 0.022749 0.149719 0.671875
0.108303 0.074483 0.054273 0.123206 0.639735
0.103037 0.054442 0.040014 0.178681 0.623826
0.090812 0.063571 0.038960 0.150334 0.656323
0.779015 0.050396 0.019068 0.130815 0.020706
0.766665 0.036960 0.044865 0.126665 0.024846
0.000010 0.703568 0.121975 0.000010 0.174437
0.000010 0.999960 0.000010 0.000010 0.000010
0.000010 0.755018 0.128885 0.000010 0.116077
0.000010 0.999960 0.000010 0.000010 0.000010
0.110128 0.100517 0.005023 0.209996 0.574336
0.088689 0.090480 0.035028 0.193705 0.592098
0.062554 0.081782 0.031919 0.159953 0.663793
0.098024 0.078339 0.054094 0.115594 0.653949
0.000010 0.802976 0.138468 0.000010 0.058536
0.059223 0.774654 0.102830 0.017138 0.046154
0.039659 0.112226 0.144081 0.037666 0.666368
0.065722 0.133447 0.098734 0.064521 0.637577
0.013260 0.100729 0.106008 0.054952 0.725049
0.000010 0.100683 0.148496 0.040234 0.710577
0.015221 0.076423 0.125830 0.052959 0.729567
0.046601 0.134204 0.118206 0.021648 0.679341
0.024915 0.103905 0.139615 0.018400 0.713166
0.000453 0.119577 0.148630 0.008492 0.722848
0.012771 0.091943 0.145854 0.023530 0.725902
0.023176 0.119550 0.154499 0.010026 0.692749
0.009725 0.108973 0.131130 0.052444 0.697727
0.020089 0.078493 0.178073 0.031291 0.692054
0.012612 0.111233 0.139611 0.017251 0.719292
0.000188 0.103479 0.144932 0.046741 0.704660
0.043472 0.079155 0.107561 0.023977 0.745836
0.005509 0.076795 0.148893 0.055965 0.712837
0.007787 0.119648 0.137719 0.016186 0.718660
0.032268 0.112988 0.145701 0.017951 0.691092
0.298772 0.124837 0.112372 0.094612 0.369406
0.000010 0.129694 0.138568 0.063070 0.668658
0.002163 0.131631 0.131542 0.044923 0.689741
0.005564 0.119249 0.123607 0.033811 0.717769
0.026287 0.110256 0.126743 0.015898 0.720815
0.033443 0.097630 0.158098 0.030392 0.680437
0.000010 0.097194 0.159909 0.046394 0.696493
0.012553 0.057101 0.102203 0.035933 0.792210
0.011040 0.109209 0.119881 0.033493 0.726376
0.012816 0.113417 0.148648 0.038813 0.686306
0.009737 0.106141 0.159285 0.020806 0.704031
0.021604 0.095537 0.174750 0.018659 0.689450
0.021858 0.129838 0.165014 0.023591 0.659699
0.007347 0.107998 0.142370 0.028534 0.713751
0.014719 0.083420 0.144481 0.029525 0.727855
0.028931 0.950036 0.017337 0.003685 0.000010
0.000010 0.966850 0.030573 0.000010 0.002557
0.000010 0.997908 0.002062 0.000010 0.000010
0.000010 0.999960 0.000010 0.000010 0.000010
0.000010 0.999960 0.000010 0.000010 0.000010
0.000010 0.787379 0.112630 0.000010 0.099970
0.035149 0.888353 0.031422 0.000010 0.045066
0.028596 0.825914 0.077060 0.015559 0.052871
0.000010 0.999960 0.000010 0.000010 0.000010
0.000010 0.999960 0.000010 0.000010 0.000010
0.088021 0.834418 0.027118 0.000010 0.050433
0.000010 0.999960 0.000010 0.000010 0.000010
0.022943 0.921238 0.043310 0.000010 0.012499
0.069349 0.820458 0.066869 0.000010 0.043313
0.033421 0.687785 0.171267 0.000010 0.107517
0.000010 0.980606 0.018108 0.000010 0.001266
0.000010 0.999960 0.000010 0.000010 0.000010
0.000010 0.999960 0.000010 0.000010 0.000010
0.036397 0.934299 0.029284 0.000010 0.000010
0.078800 0.850776 0.030712 0.000010 0.039701
0.275050 0.635207 0.000010 0.089723 0.000010
0.261287 0.666550 0.014181 0.037544 0.020439
0.000010 0.950419 0.036964 0.012597 0.000010
0.015856 0.083553 0.107940 0.027176 0.765474
0.000010 0.113083 0.129903 0.063186 0.693817
0.026438 0.122097 0.138152 0.035533 0.677780
0.000010 0.109230 0.145158 0.042095 0.703507
0.044003 0.081611 0.125272 0.058012 0.691102
0.027389 0.124853 0.133337 0.044029 0.670392
0.013369 0.120569 0.134476 0.019959 0.711627
0.000010 0.127958 0.097688 0.036580 0.737763
0.056352 0.136348 0.125593 0.028501 0.653206
0.020234 0.098399 0.142034 0.055867 0.683466
0.000010 0.098337 0.142087 0.033613 0.725953
0.024040 0.040282 0.037450 0.018025 0.880203
0.175132 0.077641 0.040325 0.048279 0.658623
0.038158 0.043665 0.014241 0.016560 0.887377
0.038520 0.031859 0.029774 0.012205 0.887643
0.002284 0.064603 0.020071 0.044796 0.868246
0.012285 0.071441 0.045974 0.040526 0.829774
0.076287 0.047973 0.023857 0.078243 0.773640
0.004035 0.065643 0.040016 0.031446 0.858859
0.001874 0.063320 0.038790 0.030517 0.865499
0.008020 0.057229 0.042262 0.019398 0.873091
0.040230 0.054064 0.049555 0.005272 0.850880
0.008817 0.027469 0.033402 0.057056 0.873256
0.407570 0.044578 0.016198 0.090143 0.441510
0.009226 0.020128 0.017664 0.040523 0.912459
0.000010 0.064334 0.071098 0.021635 0.842923
0.009688 0.045094 0.053055 0.039347 0.852816
0.248351 0.078125 0.031419 0.069629 0.572476
0.081314 0.038474 0.027194 0.143516 0.709502
0.034290 0.053464 0.021363 0.025597 0.865286
0.011160 0.047543 0.041400 0.034062 0.865834
0.035971 0.039204 0.080883 0.008317 0.835625
0.000010 0.030104 0.034739 0.035776 0.899371
0.037133 0.078670 0.019645 0.004918 0.859633
0.331233 0.152599 0.076759 0.064781 0.374628
0.017991 0.062686 0.042383 0.008083 0.868857
0.015703 0.046749 0.040956 0.010194 0.886396
0.036926 0.043699 0.030118 0.005930 0.883327
0.000010 0.074581 0.000010 0.037976 0.887423
0.017208 0.039470 0.028604 0.023405 0.891314
0.014176 0.055996 0.032593 0.036449 0.860787
0.001495 0.072102 0.029762 0.032689 0.863952
0.019204 0.029976 0.059341 0.033929 0.857549
0.011303 0.069356 0.043829 0.010170 0.865342
0.022291 0.051626 0.029409 0.025705 0.870969
0.033497 0.050814 0.034621 0.008817 0.872251
0.159542 0.071231 0.039238 0.072841 0.657147
0.004219 0.079851 0.041933 0.017071 0.856927
0.108795 0.040377 0.017969 0.021448 0.811410
0.025200 0.058193 0.074625 0.050073 0.791909
0.021815 0.045206 0.031228 0.047117 0.854634
0.012972 0.042171 0.010917 0.031284 0.902656
0.007234 0.048160 0.015658 0.038956 0.889992
0.044375 0.031117 0.028372 0.022956 0.873180
0.043215 0.067320 0.035875 0.003920 0.849671
0.000010 0.000010 0.000010 0.000010 0.999960
0.000010 0.000010 0.000010 0.000010 0.999960
0.000010 0.000010 0.000010 0.000010 0.999960
0.000010 0.000010 0.000010 0.000010 0.999960
0.000010 0.000010 0.000010 0.000010 0.999960
0.000010 0.000010 0.000010 0.000010 0.999960
0.000010 0.000010 0.000010 0.000010 0.999960
0.000010 0.000010 0.000010 0.000010 0.999960
0.000010 0.000010 0.000010 0.000010 0.999960
0.000010 0.000010 0.000010 0.000010 0.999960
0.000010 0.000010 0.000010 0.000010 0.999960
0.000010 0.000010 0.000010 0.000010 0.999960
0.000010 0.000010 0.000010 0.012531 0.987439
0.133257 0.062536 0.064600 0.187626 0.551981
0.156968 0.086412 0.039573 0.160255 0.556792
0.128659 0.036684 0.045769 0.170507 0.618381
0.155377 0.044460 0.062728 0.178771 0.558663
0.113181 0.071729 0.046287 0.224019 0.544783
0.111313 0.112601 0.018135 0.209753 0.548198
0.116449 0.052415 0.032539 0.172449 0.626148
0.145496 0.072494 0.038779 0.150163 0.593069
0.155802 0.050074 0.020629 0.152970 0.620525
0.130346 0.070738 0.028713 0.163148 0.607055
0.079530 0.065936 0.027444 0.211542 0.615547
0.169662 0.101881 0.005101 0.280141 0.443215
0.141626 0.077094 0.053584 0.177027 0.550670
0.153987 0.066435 0.043376 0.160727 0.575475
0.183408 0.015334 0.049279 0.135261 0.616718
0.093889 0.048953 0.055068 0.147352 0.654739
0.138318 0.117706 0.025044 0.173553 0.545380
0.126554 0.074770 0.023954 0.175892 0.598830
0.118955 0.118627 0.022283 0.191197 0.548939
0.163282 0.064734 0.044525 0.242513 0.484946
0.147322 0.085130 0.020742 0.183651 0.563154
0.129820 0.063573 0.043784 0.184802 0.578022
0.150550 0.045398 0.046398 0.189203 0.568451
0.147803 0.046089 0.053290 0.138175 0.614644
0.111262 0.099835 0.028485 0.197537 0.562881
0.132038 0.106932 0.032468 0.162830 0.565732
0.135681 0.054239 0.043064 0.182205 0.584811
0.117797 0.097735 0.029902 0.172846 0.581721
0.171379 0.089025 0.027490 0.167127 0.544979
0.124590 0.067861 0.040334 0.167700 0.599515
0.162722 0.085975 0.051557 0.184631 0.515115
0.120017 0.047013 0.037169 0.154276 0.641524
0.123557 0.068971 0.017271 0.190815 0.599386
0.491188 0.064065 0.020382 0.108238 0.316128
0.124366 0.080337 0.039986 0.191883 0.563428
0.143191 0.061877 0.022298 0.183060 0.589575
0.158638 0.073993 0.035530 0.159149 0.572691
0.141415 0.070755 0.014802 0.186000 0.587028
0.133344 0.057041 0.045300 0.185001 0.579315
0.112204 0.101796 0.021821 0.180353 0.583825
0.066601 0.043073 0.053235 0.133941 0.703149
0.132935 0.073919 0.040841 0.174659 0.577646
0.139311 0.071196 0.048096 0.177074 0.564322
0.135586 0.095924 0.036195 0.196142 0.536153
0.166172 0.050194 0.034761 0.178547 0.570327
0.120583 0.077046 0.034384 0.128273 0.639713
0.098029 0.080272 0.017241 0.151994 0.652464
0.097415 0.112402 0.020184 0.164843 0.605155
0.131549 0.053286 0.056344 0.131111 0.627710
0.775032 0.027686 0.047756 0.122249 0.027276
0.751869 0.046537 0.036864 0.155511 0.009219
0.732684 0.079549 0.046298 0.115328 0.026141
0.760206 0.014882 0.027055 0.183343 0.014514
0.779586 0.058795 0.007188 0.128817 0.025614
0.715334 0.116206 0.021317 0.099054 0.048090
0.225904 0.192106 0.038024 0.195865 0.348101
0.704873 0.120887 0.039432 0.089131 0.045677
0.763434 0.067433 0.016327 0.131910 0.020896
0.744987 0.105584 0.017941 0.122118 0.009370
0.729443 0.083815 0.017653 0.110008 0.059081
0.800412 0.055622 0.005554 0.112750 0.025661
0.262938 0.235406 0.066222 0.161682 0.273753
0.750737 0.087139 0.024573 0.108889 0.028663
0.700009 0.117731 0.017579 0.118236 0.046445
0.696738 0.110206 0.028053 0.107655 0.057348
0.707420 0.050414 0.006576 0.235579 0.000010
0.755572 0.063368 0.016973 0.127012 0.037076
0.738983 0.086122 0.022617 0.108365 0.043913
0.791557 0.035222 0.034243 0.096768 0.042210
0.560017 0.020338 0.030890 0.303652 0.085103
0.736842 0.070940 0.000438 0.165131 0.026649
0.743178 0.086655 0.012541 0.122006 0.035620
0.514526 0.189021 0.075848 0.100679 0.119926
0.724132 0.113192 0.036050 0.096461 0.030165
0.733245 0.090707 0.024228 0.137845 0.013975
0.840975 0.029269 0.017983 0.087897 0.023876
0.500151 0.225117 0.049630 0.089515 0.135586
0.819957 0.029870 0.008411 0.121331 0.020432
0.769043 0.031728 0.026661 0.117128 0.055439
0.714062 0.103344 0.035243 0.119955 0.027396
0.740136 0.052998 0.035747 0.145287 0.025831
0.706530 0.064634 0.038025 0.139674 0.051137
0.699661 0.145728 0.034272 0.083587 0.036753
0.528344 0.200667 0.049654 0.106923 0.114413
0.698723 0.149692 0.045765 0.087288 0.018532
0.666218 0.080119 0.029176 0.148115 0.076372
0.750903 0.053907 0.044471 0.130460 0.020259
0.758369 0.134746 0.022295 0.060284 0.024305
0.720798 0.100515 0.055790 0.087683 0.035214
0.726364 0.093509 0.024196 0.096589 0.059343
0.717296 0.129518 0.036611 0.076813 0.039761
0.753571 0.153686 0.018148 0.052089 0.022506
0.721092 0.127381 0.010831 0.090947 0.049749
0.699359 0.129587 0.027962 0.093283 0.049809
0.714301 0.134679 0.036347 0.082247 0.032426
0.784116 0.083300 0.013292 0.106218 0.013075
0.768200 0.096634 0.005902 0.089161 0.040102
0.732261 0.114810 0.010675 0.118256 0.023998
0.726238 0.135451 0.016452 0.082760 0.039099
0.713771 0.123945 0.034079 0.077052 0.051152
0.661408 0.161428 0.038510 0.100567 0.038087
0.550018 0.053501 0.045977 0.243250 0.107253
0.772696 0.057752 0.029506 0.121400 0.018646
0.750249 0.122966 0.027379 0.064024 0.035382
0.685210 0.125284 0.021003 0.102979 0.065524
0.718505 0.065236 0.025835 0.161502 0.028922
0.828482 0.043868 0.015189 0.068264 0.044196
0.617230 0.041710 0.030750 0.261604 0.048706
0.757486 0.081983 0.040229 0.102298 0.018005
0.749782 0.132698 0.022844 0.059873 0.034804
0.702945 0.119439 0.050683 0.114082 0.012851
0.698313 0.148884 0.021457 0.083910 0.047436
0.784458 0.148372 0.015796 0.021621 0.029753
0.736236 0.110819 0.031232 0.073204 0.048509
0.720206 0.099464 0.034086 0.113048 0.033196
0.726582 0.120217 0.036068 0.102032 0.015100
0.788389 0.045490 0.028738 0.112632 0.024751
0.744934 0.087213 0.050303 0.084863 0.032686
0.723015 0.098518 0.039628 0.105237 0.033601
0.750734 0.101224 0.038418 0.082885 0.026740
0.752092 0.092303 0.030422 0.096420 0.028763
0.771314 0.104634 0.015182 0.059939 0.048931
0.742474 0.136689 0.023296 0.069517 0.028024
0.758371 0.131253 0.014407 0.059371 0.036598
0.721204 0.140217 0.028740 0.074683 0.035156
0.723687 0.076194 0.041361 0.112566 0.046193
0.001782 0.018058 0.143210 0.000010 0.836940
0.000010 0.000010 0.129952 0.000010 0.870018
0.001745 0.062356 0.097451 0.000010 0.838438
0.000010 0.021507 0.110168 0.000010 0.868305
0.000010 0.049451 0.099273 0.000010 0.851256
0.000010 0.000010 0.111248 0.000010 0.888722
0.000010 0.022091 0.122729 0.000010 0.855160
0.000010 0.000010 0.141350 0.000010 0.858620
0.014029 0.051102 0.122620 0.000010 0.812238
0.014201 0.011636 0.115347 0.000010 0.858806
0.000010 0.004504 0.128549 0.000010 0.866927
0.102319 0.069103 0.079922 0.000010 0.748646
0.074962 0.012463 0.115652 0.033692 0.763230
0.000010 0.009082 0.132623 0.000010 0.858275
0.000010 0.000010 0.106150 0.000010 0.893820
0.000010 0.000010 0.109163 0.000010 0.890807
0.000010 0.000010 0.107221 0.000010 0.892749
0.000010 0.000010 0.091643 0.000010 0.908327
0.000010 0.027674 0.106202 0.000010 0.866104
0.000010 0.022717 0.097737 0.000010 0.879526
0.038270 0.031244 0.112606 0.033928 0.783951
0.007301 0.006927 0.135043 0.000010 0.850718
0.000010 0.000010 0.112920 0.000010 0.887050
0.000010 0.011167 0.122016 0.000010 0.866797
0.051155 0.019090 0.124560 0.005061 0.800134
0.023052 0.053920 0.125107 0.035720 0.762201
0.046228 0.042713 0.146832 0.000010 0.764217
0.010217 0.010390 0.112702 0.000010 0.866681
0.000010 0.000010 0.137023 0.000010 0.862947
0.000010 0.000010 0.108565 0.000010 0.891405
0.022236 0.027451 0.126505 0.000010 0.823798
0.021117 0.068098 0.097748 0.038542 0.774495
0.000010 0.024029 0.111163 0.000010 0.864788
0.000010 0.000010 0.082377 0.000010 0.917593
0.000010 0.013996 0.127777 0.000010 0.858207
