0.003970 0.719280 0.045934 0.002499 0.025953 0.132858 0.069505
0.111019 0.725649 0.041104 0.013408 0.000010 0.073609 0.035201
0.023717 0.748763 0.028516 0.000922 0.007425 0.094320 0.096337
0.000010 0.732369 0.055868 0.006168 0.028880 0.118088 0.058617
0.034072 0.711885 0.030990 0.000010 0.035994 0.098349 0.088700
0.000010 0.731951 0.010233 0.035376 0.034616 0.096967 0.090846
0.004353 0.736715 0.046296 0.012705 0.017055 0.105077 0.077800
0.081839 0.736111 0.029337 0.011881 0.016357 0.124463 0.000010
0.079908 0.751869 0.009589 0.009896 0.029521 0.020272 0.098945
0.009554 0.739688 0.053305 0.012771 0.034158 0.082750 0.067774
0.000010 0.714839 0.014973 0.041697 0.021561 0.112344 0.094576
0.000010 0.722409 0.026194 0.008989 0.051742 0.102415 0.088242
0.029602 0.721921 0.037428 0.015548 0.021514 0.108123 0.065863
0.000010 0.756380 0.024412 0.016595 0.010902 0.116007 0.075694
0.008008 0.752606 0.022786 0.013592 0.048622 0.085088 0.069296
0.000010 0.715614 0.071419 0.006251 0.015693 0.121763 0.069250
0.010150 0.738316 0.020098 0.018452 0.013169 0.074377 0.125438
0.010557 0.732630 0.017306 0.046750 0.022290 0.114699 0.055767
0.057188 0.740140 0.038491 0.000010 0.027986 0.060477 0.075708
0.016974 0.692633 0.014319 0.032707 0.037383 0.162532 0.043452
0.026734 0.709945 0.028323 0.028396 0.004738 0.119116 0.082749
0.045498 0.717341 0.017704 0.000010 0.028142 0.078668 0.112637
0.075612 0.682503 0.062081 0.000010 0.002467 0.103329 0.073999
0.076579 0.714340 0.019835 0.001493 0.025586 0.079719 0.082446
0.000010 0.748648 0.059086 0.007705 0.014626 0.090349 0.079575
0.003183 0.748952 0.032763 0.000010 0.036772 0.069997 0.108323
0.322707 0.601115 0.013454 0.034008 0.000010 0.000010 0.028697
0.319431 0.600270 0.027259 0.029697 0.018695 0.000010 0.004638
0.306841 0.586723 0.000010 0.027643 0.000010 0.053640 0.025132
0.279253 0.642160 0.056983 0.000010 0.010194 0.000010 0.011391
0.343230 0.555497 0.024011 0.016939 0.002937 0.017588 0.039798
0.332313 0.570232 0.000300 0.031689 0.000010 0.041301 0.024155
0.292379 0.629595 0.008460 0.019134 0.029404 0.000010 0.021019
0.309161 0.607940 0.023793 0.038734 0.018625 0.001737 0.000010
0.354718 0.563231 0.021940 0.020527 0.006366 0.022262 0.010957
0.336118 0.594323 0.034880 0.008767 0.025892 0.000010 0.000010
0.330666 0.570872 0.007181 0.035784 0.009605 0.027693 0.018198
0.277837 0.624439 0.031366 0.005678 0.007828 0.029006 0.023846
0.354747 0.581548 0.045790 0.000010 0.000010 0.000010 0.017886
0.253254 0.648109 0.009508 0.032436 0.024009 0.032673 0.000010
0.289691 0.642517 0.013104 0.015796 0.028153 0.000010 0.010729
0.279905 0.624553 0.036818 0.010603 0.003501 0.028718 0.015902
0.340306 0.586675 0.042917 0.003969 0.017943 0.000010 0.008179
0.294972 0.613024 0.019142 0.024984 0.000010 0.030334 0.017535
0.310737 0.594862 0.000010 0.042037 0.041014 0.011148 0.000191
0.323525 0.603816 0.016263 0.028979 0.004441 0.000010 0.022967
0.307889 0.625985 0.014429 0.014008 0.009755 0.000010 0.027924
0.307134 0.612184 0.019743 0.010347 0.006221 0.036503 0.007868
0.392500 0.532806 0.012192 0.027970 0.004478 0.030043 0.000010
0.303137 0.599609 0.037977 0.003499 0.013037 0.042732 0.000010
0.280091 0.615969 0.032767 0.000010 0.038236 0.032917 0.000010
0.333400 0.600473 0.029304 0.023380 0.013423 0.000010 0.000010
0.350748 0.552498 0.010711 0.066175 0.012618 0.007240 0.000010
0.327651 0.576370 0.020840 0.016990 0.014981 0.032693 0.010475
0.261196 0.645022 0.054611 0.002929 0.004868 0.025001 0.006373
0.279504 0.655502 0.049170 0.000010 0.015794 0.000010 0.000010
0.261738 0.640543 0.025670 0.000010 0.022710 0.031826 0.017503
0.307589 0.612293 0.044972 0.006043 0.018716 0.000010 0.010377
0.143254 0.452191 0.003804 0.111198 0.043193 0.150065 0.096295
0.148373 0.420844 0.058938 0.100769 0.024534 0.189078 0.057465
0.155513 0.432738 0.064100 0.063316 0.024783 0.153609 0.105942
0.156173 0.485182 0.036903 0.095281 0.000010 0.129659 0.096791
0.142610 0.424465 0.032114 0.112377 0.027223 0.158725 0.102486
0.184708 0.485521 0.055478 0.088086 0.029334 0.106560 0.050312
0.161698 0.415236 0.033996 0.085557 0.032790 0.157551 0.113170
0.199781 0.428246 0.039593 0.122257 0.013040 0.132607 0.064476
0.949468 0.000010 0.017365 0.000010 0.002425 0.000010 0.030712
0.174855 0.500700 0.031088 0.072479 0.030829 0.116024 0.074025
0.130718 0.370565 0.031844 0.126550 0.014404 0.214201 0.111717
0.410191 0.349303 0.012094 0.100662 0.025324 0.079611 0.022814
0.157032 0.604331 0.033890 0.057918 0.008879 0.103113 0.034837
0.187112 0.441428 0.021879 0.098267 0.030144 0.158575 0.062594
0.141452 0.549660 0.018996 0.114531 0.027636 0.104273 0.043452
0.126397 0.223391 0.016012 0.262698 0.060391 0.135582 0.175528
0.131614 0.223226 0.062116 0.246654 0.050108 0.131307 0.154975
0.127560 0.212951 0.043718 0.236192 0.070787 0.126080 0.182712
0.117838 0.244947 0.065859 0.216121 0.033881 0.134836 0.186518
0.134892 0.217592 0.038758 0.229325 0.043947 0.169636 0.165852
0.115136 0.222010 0.066571 0.179814 0.047880 0.173385 0.195204
0.118190 0.198918 0.066823 0.263383 0.022524 0.151710 0.178453
0.106152 0.275618 0.051676 0.209827 0.034103 0.176489 0.146135
0.117021 0.250417 0.061205 0.190215 0.058911 0.175932 0.146298
0.107920 0.249889 0.029858 0.247464 0.052451 0.170152 0.142266
0.117613 0.195854 0.044177 0.225294 0.053285 0.173525 0.190251
0.100068 0.267148 0.029121 0.223813 0.063613 0.158639 0.157599
0.101324 0.225447 0.057884 0.277612 0.065070 0.132810 0.139852
0.152177 0.163062 0.046153 0.236695 0.068865 0.188239 0.144810
0.150883 0.188714 0.052801 0.243297 0.053056 0.146826 0.164423
0.166630 0.203842 0.047332 0.232281 0.051047 0.131562 0.167305
0.152964 0.315467 0.070194 0.154798 0.008749 0.137332 0.160496
0.146927 0.174495 0.070260 0.188207 0.038553 0.212138 0.169420
0.123035 0.267187 0.058134 0.180824 0.046912 0.143384 0.180524
0.130081 0.197531 0.058812 0.239260 0.031042 0.175327 0.167949
0.118452 0.224344 0.029990 0.243023 0.041952 0.133773 0.208465
0.147460 0.165623 0.052822 0.247636 0.041824 0.153415 0.191219
0.068285 0.233170 0.029533 0.244999 0.049703 0.201268 0.173043
0.138714 0.252860 0.006568 0.226651 0.056478 0.197341 0.121387
0.124007 0.188010 0.048711 0.251682 0.027217 0.160438 0.199935
0.106148 0.196934 0.075078 0.265879 0.035495 0.156162 0.164305
0.128558 0.219025 0.014876 0.267831 0.064423 0.133714 0.171574
0.105035 0.360517 0.066196 0.133594 0.030336 0.168448 0.135875
0.103479 0.247669 0.066778 0.209130 0.026711 0.152052 0.194181
0.147254 0.217415 0.056997 0.220299 0.058998 0.119146 0.179891
0.103929 0.162877 0.072418 0.265547 0.027055 0.171031 0.197144
0.120287 0.251571 0.055016 0.234432 0.074987 0.133319 0.130388
0.122462 0.204306 0.049832 0.245965 0.041291 0.150620 0.185523
0.090491 0.223826 0.052988 0.270927 0.028602 0.175389 0.157777
0.118120 0.654985 0.023255 0.029975 0.051781 0.084885 0.036999
0.126715 0.659860 0.016215 0.051610 0.015506 0.059009 0.071086
0.161060 0.600454 0.025889 0.023726 0.011522 0.126111 0.051239
0.098804 0.677275 0.025342 0.055455 0.030909 0.089973 0.022243
0.129025 0.665304 0.049588 0.041196 0.020110 0.052496 0.042281
0.122042 0.661971 0.021222 0.035472 0.050946 0.080920 0.027427
0.157355 0.600433 0.050989 0.017130 0.023577 0.084557 0.065959
0.141579 0.632042 0.020580 0.041116 0.026946 0.083626 0.054111
0.135492 0.656222 0.050698 0.021740 0.023507 0.074688 0.037652
0.130735 0.655547 0.026543 0.032061 0.038394 0.105940 0.010781
0.111164 0.680324 0.026916 0.039080 0.003785 0.102661 0.036070
0.106176 0.667965 0.011826 0.039087 0.019879 0.092170 0.062897
0.125363 0.654337 0.065004 0.002119 0.031816 0.101852 0.019508
0.451733 0.368282 0.000010 0.050886 0.026812 0.087121 0.015155
0.131397 0.668284 0.017984 0.041056 0.026645 0.066395 0.048239
0.111095 0.661807 0.007303 0.050588 0.041302 0.082388 0.045516
0.129860 0.637349 0.041527 0.035177 0.011767 0.100653 0.043667
0.116481 0.669954 0.032794 0.016732 0.022664 0.068452 0.072925
0.108856 0.669317 0.025274 0.029256 0.038728 0.093292 0.035276
0.126765 0.663193 0.032013 0.000010 0.034355 0.104958 0.038705
0.085353 0.655900 0.020976 0.044692 0.030306 0.097236 0.065537
0.117983 0.629427 0.011893 0.066620 0.027314 0.143426 0.003336
0.109063 0.691255 0.004236 0.045249 0.037183 0.043680 0.069334
0.148688 0.653747 0.037731 0.031995 0.038968 0.032903 0.055968
0.124651 0.657734 0.037457 0.037075 0.000010 0.073413 0.069659
0.111496 0.626068 0.000010 0.067382 0.034538 0.123233 0.037274
0.128297 0.625016 0.032481 0.007841 0.021864 0.116572 0.067930
0.129785 0.654307 0.026963 0.032984 0.017115 0.089868 0.048978
0.132549 0.617987 0.016952 0.020178 0.029613 0.105143 0.077578
0.130269 0.646810 0.029248 0.031729 0.054477 0.074532 0.032935
0.148263 0.631041 0.000010 0.050415 0.028940 0.098971 0.042359
0.101830 0.682543 0.039255 0.037905 0.021197 0.075709 0.041560
0.115001 0.677668 0.034914 0.024683 0.034751 0.079716 0.033268
0.110568 0.407150 0.045650 0.056034 0.048418 0.179253 0.152927
0.081768 0.402748 0.034210 0.073102 0.027438 0.206637 0.174096
0.096002 0.376163 0.034996 0.119647 0.021552 0.189950 0.161691
0.068824 0.448909 0.037267 0.082119 0.020135 0.231701 0.111046
0.098640 0.422536 0.016865 0.097554 0.025692 0.219447 0.119267
0.087970 0.383822 0.072488 0.044821 0.049054 0.251012 0.110834
0.111424 0.436322 0.060628 0.052148 0.042101 0.178336 0.119040
0.085163 0.376369 0.055707 0.057919 0.019592 0.261837 0.143413
0.095768 0.371262 0.055933 0.086581 0.020425 0.217009 0.153023
0.072537 0.424666 0.041512 0.072768 0.048979 0.228880 0.110658
0.058980 0.402808 0.060489 0.071618 0.025363 0.242003 0.138738
0.105081 0.711146 0.016421 0.022557 0.012117 0.096096 0.036581
0.091233 0.392437 0.036479 0.084885 0.022427 0.221417 0.151122
0.061784 0.392956 0.064607 0.052428 0.031588 0.219801 0.176838
0.085236 0.438568 0.081497 0.069640 0.016472 0.174031 0.134555
0.098701 0.404331 0.035792 0.067967 0.044367 0.231019 0.117824
0.081621 0.386121 0.058496 0.083000 0.048524 0.186761 0.155476
0.089913 0.399570 0.043884 0.073598 0.047726 0.223998 0.121311
0.096998 0.419944 0.028041 0.078958 0.047072 0.177090 0.151897
0.062106 0.444103 0.068083 0.059443 0.052014 0.190894 0.123356
0.074516 0.386036 0.067500 0.068952 0.023694 0.218943 0.160359
0.111224 0.358987 0.078723 0.049645 0.032004 0.231057 0.138361
0.117439 0.361609 0.037085 0.084020 0.010747 0.244909 0.144191
0.096993 0.391225 0.085415 0.036996 0.033648 0.221167 0.134555
0.103786 0.404096 0.059777 0.062140 0.024001 0.208867 0.137333
0.090775 0.448378 0.074873 0.051505 0.034439 0.188232 0.111798
0.088059 0.373614 0.056571 0.068757 0.043993 0.244079 0.124927
0.119878 0.400994 0.069132 0.057201 0.024428 0.156759 0.171607
0.202983 0.711751 0.000010 0.020307 0.000010 0.016675 0.048263
0.132735 0.756202 0.000010 0.029720 0.010895 0.070427 0.000010
0.113761 0.772684 0.003199 0.000010 0.018302 0.054476 0.037567
0.132496 0.773575 0.000010 0.023669 0.039226 0.022796 0.008227
0.127380 0.769791 0.032545 0.010790 0.003699 0.028521 0.027274
0.129679 0.757954 0.015171 0.000010 0.012403 0.049106 0.035678
0.130189 0.793544 0.007287 0.016183 0.001355 0.011855 0.039587
0.122171 0.780151 0.040591 0.000010 0.020221 0.036845 0.000010
0.125892 0.761942 0.023197 0.011537 0.024205 0.049713 0.003514
0.136481 0.766261 0.056591 0.000010 0.002352 0.030123 0.008183
0.232216 0.679583 0.000010 0.040866 0.021951 0.025364 0.000010
0.141923 0.732684 0.000010 0.018836 0.014973 0.067990 0.023584
0.118597 0.781674 0.011237 0.000010 0.000010 0.072785 0.015686
0.141387 0.760176 0.019170 0.018251 0.012855 0.039264 0.008897
0.146567 0.740666 0.000709 0.010736 0.018081 0.070297 0.012945
0.118903 0.756629 0.033658 0.000010 0.008601 0.082189 0.000010
0.150618 0.747567 0.026764 0.000010 0.011100 0.024734 0.039208
0.127519 0.782461 0.010284 0.000010 0.036018 0.012770 0.030938
0.106180 0.786154 0.028422 0.000010 0.000010 0.051232 0.027993
0.107367 0.790512 0.019385 0.000010 0.041195 0.041522 0.000010
0.143640 0.740795 0.000010 0.030557 0.020868 0.059604 0.004526
0.115431 0.754217 0.031922 0.000010 0.000010 0.098400 0.000010
0.113416 0.786870 0.033181 0.005554 0.009489 0.022357 0.029133
0.169198 0.710717 0.035256 0.000010 0.001692 0.043510 0.039618
0.306260 0.608409 0.021294 0.041021 0.018491 0.000010 0.004514
0.119915 0.782380 0.013527 0.007626 0.034060 0.035698 0.006794
0.167512 0.765379 0.028636 0.000010 0.018508 0.000010 0.019945
0.160505 0.735550 0.008430 0.018043 0.009013 0.018561 0.049898
0.179669 0.725150 0.041162 0.000010 0.000588 0.037061 0.016360
0.701589 0.139923 0.000010 0.025537 0.020647 0.073229 0.039065
0.702598 0.177266 0.000010 0.018254 0.025055 0.037584 0.039233
0.700295 0.138876 0.000010 0.020262 0.013895 0.082550 0.044112
0.701461 0.124050 0.000010 0.049246 0.013436 0.104039 0.007759
0.724209 0.164265 0.018521 0.032360 0.023006 0.018463 0.019176
0.713070 0.164129 0.013703 0.000010 0.031135 0.045360 0.032594
0.694419 0.146632 0.004101 0.048665 0.003810 0.074065 0.028308
0.713786 0.119993 0.000010 0.037082 0.013698 0.072516 0.042915
0.710911 0.168109 0.028490 0.007211 0.020849 0.055923 0.008506
0.691392 0.154561 0.013455 0.013650 0.020789 0.050225 0.055927
0.710187 0.145285 0.022288 0.012810 0.032438 0.031134 0.045859
0.688947 0.172148 0.026798 0.032844 0.001461 0.077792 0.000010
0.706946 0.114120 0.000010 0.020740 0.012643 0.097101 0.048439
0.723175 0.139674 0.000010 0.036811 0.006913 0.074735 0.018682
0.691538 0.152952 0.000010 0.021854 0.014571 0.097761 0.021314
0.710890 0.146548 0.000010 0.011735 0.034694 0.047377 0.048744
0.651002 0.214235 0.000010 0.031742 0.017120 0.053429 0.032463
0.731669 0.142600 0.000010 0.021109 0.021736 0.041341 0.041534
0.794343 0.107845 0.012402 0.016298 0.024325 0.021644 0.023143
0.807160 0.100547 0.032031 0.000992 0.006479 0.046039 0.006752
0.741885 0.148953 0.028431 0.023767 0.027635 0.003558 0.025771
0.805859 0.064838 0.004269 0.000010 0.048280 0.062249 0.014495
0.831572 0.096565 0.036898 0.004866 0.007180 0.012896 0.010022
0.784917 0.084183 0.024289 0.017977 0.030287 0.047008 0.011339
0.732321 0.134505 0.055403 0.006827 0.028769 0.031097 0.011077
0.776192 0.102811 0.031164 0.000010 0.040024 0.027493 0.022306
0.823011 0.082777 0.029424 0.016085 0.021522 0.013222 0.013960
0.810754 0.079179 0.010639 0.000010 0.022054 0.052081 0.025282
0.777001 0.130425 0.013961 0.034643 0.007040 0.000010 0.036919
0.418438 0.359974 0.016774 0.069836 0.027731 0.074404 0.032843
0.807056 0.074010 0.025933 0.003423 0.002228 0.069826 0.017523
0.752378 0.140834 0.035908 0.017655 0.002185 0.006011 0.045028
0.739011 0.124652 0.022360 0.045833 0.039663 0.017749 0.010730
0.781179 0.105168 0.023411 0.025921 0.002802 0.021778 0.039741
0.779997 0.090450 0.052864 0.006454 0.020419 0.021884 0.027933
0.730007 0.155747 0.031386 0.028337 0.016174 0.026866 0.011485
0.788377 0.096689 0.020378 0.007278 0.008960 0.053947 0.024372
0.814130 0.085626 0.035242 0.004527 0.000010 0.026784 0.033681
0.791674 0.104121 0.014114 0.009647 0.018490 0.052590 0.009364
0.802170 0.099049 0.000010 0.029055 0.017314 0.033224 0.019178
0.823358 0.051481 0.032595 0.000010 0.018114 0.058372 0.016070
0.718181 0.142112 0.015509 0.041340 0.012868 0.029234 0.040756
0.819334 0.067279 0.038317 0.007332 0.025041 0.024142 0.018554
0.793149 0.102122 0.002306 0.050882 0.024455 0.000010 0.027076
0.802580 0.096729 0.009744 0.015269 0.038343 0.003487 0.033848
0.777557 0.106387 0.000010 0.041260 0.014500 0.021636 0.038651
0.782192 0.104639 0.022730 0.000010 0.041126 0.007537 0.041765
0.799250 0.087321 0.023624 0.018788 0.025308 0.010201 0.035509
0.791509 0.134599 0.020593 0.007034 0.028911 0.017344 0.000010
0.654552 0.147223 0.010514 0.064015 0.036474 0.064685 0.022537
0.694799 0.153754 0.000010 0.058746 0.036050 0.009199 0.047443
0.676568 0.148456 0.063197 0.043029 0.000010 0.040494 0.028246
0.702467 0.134311 0.021941 0.049081 0.021144 0.057713 0.013344
0.674760 0.150866 0.019666 0.071438 0.017116 0.028600 0.037554
0.683882 0.171338 0.038860 0.054703 0.000010 0.007604 0.043603
0.715228 0.107825 0.000010 0.085355 0.001555 0.077416 0.012612
0.671060 0.156920 0.019635 0.031427 0.043509 0.049071 0.028378
0.649073 0.160375 0.017929 0.074153 0.008998 0.056820 0.032654
0.724553 0.106817 0.034763 0.045844 0.002057 0.085956 0.000010
0.703320 0.115025 0.037866 0.045012 0.005541 0.061024 0.032212
0.692737 0.164200 0.025592 0.064345 0.024352 0.000010 0.028763
0.681388 0.183053 0.008052 0.076888 0.024378 0.017166 0.009076
0.667244 0.161382 0.049284 0.047958 0.000010 0.034235 0.039888
0.724866 0.150709 0.018548 0.058355 0.026416 0.001051 0.020055
0.721576 0.137563 0.011541 0.081186 0.013712 0.022686 0.011736
0.720181 0.127175 0.026135 0.062868 0.006059 0.006119 0.051462
0.686669 0.155226 0.039009 0.056363 0.014671 0.026405 0.021658
0.688518 0.159377 0.027466 0.073887 0.000010 0.006671 0.044071
0.657732 0.181930 0.026762 0.072429 0.012267 0.028828 0.020053
0.683147 0.146345 0.000010 0.085653 0.024555 0.012949 0.047340
0.689368 0.148371 0.026371 0.044988 0.029750 0.051844 0.009309
0.688549 0.141000 0.030702 0.064205 0.035391 0.035642 0.004511
0.715284 0.117574 0.035341 0.014699 0.022657 0.055901 0.038543
0.674754 0.159751 0.014694 0.056165 0.041322 0.032225 0.021089
0.714991 0.120421 0.041251 0.056169 0.000010 0.049762 0.017397
0.735085 0.103350 0.025946 0.042309 0.024161 0.036767 0.032383
0.675245 0.141058 0.050572 0.059361 0.000010 0.047805 0.025949
0.701299 0.176411 0.031196 0.027053 0.017784 0.046247 0.000010
0.697961 0.106157 0.039875 0.024006 0.033203 0.065273 0.033525
0.670808 0.151993 0.079875 0.038480 0.005487 0.038693 0.014665
0.742640 0.117425 0.005366 0.068258 0.008579 0.028323 0.029409
0.658156 0.146893 0.041693 0.062637 0.000010 0.085553 0.005057
0.693244 0.153991 0.028759 0.036437 0.019738 0.031984 0.035846
0.703346 0.171413 0.030098 0.043289 0.029744 0.000010 0.022099
0.925487 0.021985 0.015237 0.008672 0.005488 0.010585 0.012547
0.944374 0.030559 0.019234 0.003597 0.002216 0.000010 0.000010
0.909255 0.022730 0.023511 0.000010 0.000010 0.042773 0.001711
0.892876 0.039999 0.017771 0.008569 0.000010 0.021946 0.018829
0.939277 0.000010 0.000711 0.000010 0.000010 0.034870 0.025111
0.932739 0.021030 0.026334 0.000010 0.000010 0.013953 0.005924
0.859859 0.065717 0.009392 0.004929 0.016390 0.023225 0.020488
0.955142 0.005701 0.013938 0.003586 0.000010 0.020045 0.001578
0.950421 0.000010 0.021871 0.015024 0.012654 0.000010 0.000010
0.960303 0.000010 0.005675 0.000751 0.015945 0.017306 0.000010
0.941592 0.008607 0.000010 0.020130 0.000010 0.008677 0.020974
0.906426 0.054302 0.014332 0.022207 0.000010 0.002714 0.000010
0.931724 0.009950 0.018210 0.004333 0.012134 0.022731 0.000918
0.936966 0.000010 0.002877 0.000010 0.010698 0.040325 0.009115
0.905396 0.022480 0.007819 0.005613 0.016239 0.042443 0.000010
0.872707 0.077355 0.015793 0.000010 0.008716 0.023861 0.001558
0.930101 0.027989 0.008213 0.002702 0.020188 0.000010 0.010798
0.945116 0.010447 0.011451 0.012875 0.001723 0.018379 0.000010
0.901724 0.040842 0.000010 0.006512 0.015546 0.027526 0.007841
0.846041 0.074924 0.000010 0.011659 0.019861 0.046089 0.001417
0.960631 0.000010 0.010438 0.015160 0.011002 0.000010 0.002749
0.925303 0.000010 0.029774 0.000010 0.000010 0.036093 0.008800
0.942957 0.020470 0.026746 0.000010 0.000326 0.009481 0.000010
0.964643 0.002937 0.000010 0.010503 0.010705 0.011192 0.000010
0.951752 0.000010 0.000010 0.023280 0.013093 0.011845 0.000010
0.944800 0.006209 0.011524 0.007831 0.005522 0.020971 0.003144
0.591801 0.238909 0.013364 0.058013 0.029768 0.049908 0.018238
0.952831 0.000010 0.000010 0.018896 0.000010 0.005579 0.022664
0.920531 0.032004 0.000010 0.000010 0.033664 0.013770 0.000010
0.920195 0.038460 0.017060 0.007324 0.007992 0.000137 0.008832
0.929966 0.008418 0.000010 0.000010 0.009982 0.029303 0.022311
0.653344 0.132759 0.000010 0.080005 0.028950 0.071574 0.033358
0.676315 0.137707 0.011519 0.086770 0.028349 0.038142 0.021199
0.916107 0.030917 0.000300 0.014758 0.010791 0.000010 0.027117
0.948486 0.003723 0.000010 0.010897 0.026270 0.002877 0.007737
0.928814 0.012903 0.001751 0.000010 0.012084 0.044428 0.000010
0.197079 0.704480 0.000010 0.030987 0.021269 0.033716 0.012459
0.137501 0.733320 0.000010 0.022944 0.016598 0.062504 0.027124
0.153200 0.693724 0.034685 0.000010 0.019940 0.056391 0.042051
0.198327 0.714022 0.011717 0.010585 0.000010 0.046440 0.018898
0.150838 0.736581 0.015063 0.019468 0.000010 0.043126 0.034913
0.151180 0.702895 0.032715 0.000010 0.022946 0.057714 0.032540
0.167930 0.716564 0.023517 0.018696 0.008746 0.053709 0.010839
0.241722 0.657757 0.000010 0.034670 0.001923 0.055106 0.008811
0.156502 0.754031 0.007940 0.011503 0.025486 0.017771 0.026767
0.157905 0.691428 0.004114 0.018213 0.012454 0.075742 0.040143
0.195311 0.676622 0.006680 0.006110 0.034762 0.063192 0.017323
0.216699 0.683595 0.014425 0.007429 0.013153 0.030889 0.033810
0.155789 0.727364 0.014585 0.000010 0.001249 0.077597 0.023405
0.230168 0.687780 0.013550 0.014065 0.019868 0.003208 0.031361
0.168867 0.732128 0.019827 0.004471 0.014642 0.035138 0.024927
0.201554 0.705722 0.000010 0.041782 0.017968 0.016809 0.016155
0.131184 0.760919 0.021722 0.025122 0.011022 0.027019 0.023011
0.137638 0.767694 0.032589 0.001712 0.000010 0.029408 0.030950
0.106967 0.535986 0.050773 0.039323 0.025463 0.163266 0.078222
0.299798 0.573304 0.000010 0.019621 0.005205 0.049651 0.052412
0.163880 0.743781 0.002896 0.046908 0.019374 0.023151 0.000010
0.184448 0.682387 0.009763 0.000010 0.004421 0.099658 0.019313
0.247163 0.642050 0.000010 0.027111 0.000010 0.060863 0.022793
0.178404 0.710362 0.002469 0.033909 0.018722 0.056124 0.000010
0.166081 0.734178 0.000010 0.032064 0.017958 0.035325 0.014384
0.210553 0.723379 0.000010 0.028308 0.021664 0.003737 0.012349
0.177937 0.737927 0.000010 0.015992 0.016731 0.034328 0.017075
0.773379 0.083836 0.020626 0.071064 0.016996 0.011771 0.022328
0.186411 0.712858 0.007408 0.021323 0.011343 0.056595 0.004062
0.778499 0.067775 0.041254 0.029078 0.004580 0.036904 0.041910
0.019481 0.509927 0.005909 0.003722 0.075133 0.281921 0.103906
0.022607 0.472640 0.034139 0.005946 0.031037 0.303267 0.130365
0.000010 0.494899 0.009733 0.000010 0.025652 0.313907 0.155790
0.022784 0.502147 0.000010 0.031268 0.022387 0.262268 0.159137
0.038139 0.491862 0.018759 0.028593 0.026073 0.291967 0.104607
0.006223 0.494096 0.000010 0.013684 0.020469 0.343267 0.122251
0.034209 0.506658 0.049065 0.011042 0.012495 0.248815 0.137715
0.026328 0.467412 0.016202 0.002545 0.035590 0.325988 0.125934
0.026241 0.511367 0.025443 0.007415 0.059179 0.249920 0.120434
0.014632 0.500566 0.019799 0.022737 0.021505 0.313121 0.107640
0.066396 0.455859 0.000010 0.052758 0.027520 0.275055 0.122402
0.036042 0.512542 0.050685 0.000010 0.008443 0.276454 0.115824
0.018347 0.499171 0.025747 0.000010 0.020023 0.313004 0.123698
0.026046 0.525480 0.021213 0.021241 0.015623 0.282630 0.107768
0.069170 0.409915 0.027450 0.018947 0.025531 0.326136 0.122850
0.007312 0.548691 0.038618 0.024113 0.013511 0.272358 0.095397
0.028974 0.498101 0.019387 0.035704 0.038363 0.293920 0.085552
0.035409 0.520885 0.000010 0.031823 0.021155 0.265088 0.125629
0.006167 0.498493 0.033161 0.017239 0.022945 0.292663 0.129333
0.001328 0.481690 0.026943 0.010214 0.047552 0.339900 0.092374
0.011148 0.517584 0.030339 0.020754 0.025390 0.297299 0.097484
0.007494 0.501755 0.050482 0.012508 0.013905 0.319352 0.094503
0.061916 0.457583 0.033720 0.011608 0.030019 0.304539 0.100615
0.010124 0.483444 0.026665 0.015746 0.030332 0.326191 0.107498
0.030066 0.484909 0.038766 0.016930 0.015932 0.282467 0.130928
0.041811 0.441568 0.014505 0.020505 0.008487 0.334908 0.138215
0.015338 0.520694 0.028476 0.010769 0.021357 0.291822 0.111544
0.043276 0.505595 0.060899 0.000010 0.005695 0.256875 0.127649
0.000010 0.519550 0.055393 0.000010 0.000010 0.314647 0.110380
0.000010 0.488658 0.005141 0.037076 0.032808 0.321011 0.115295
0.019418 0.554533 0.044208 0.005577 0.041140 0.259595 0.075529
0.021382 0.474348 0.021729 0.022544 0.023990 0.334121 0.101886
0.658555 0.154576 0.038723 0.063347 0.027572 0.036873 0.020355
0.629327 0.159467 0.005545 0.066703 0.011820 0.096886 0.030252
0.701396 0.153447 0.040199 0.069372 0.006692 0.017326 0.011569
0.801023 0.033055 0.026144 0.052812 0.005765 0.025210 0.055990
0.719196 0.124329 0.031309 0.039890 0.026926 0.034985 0.023365
0.674541 0.144009 0.037859 0.064359 0.038695 0.000010 0.040527
0.693487 0.125284 0.024142 0.070924 0.007574 0.060167 0.018422
0.696387 0.132408 0.016959 0.036647 0.009282 0.059897 0.048420
0.673953 0.159555 0.000010 0.082717 0.021924 0.061831 0.000010
0.665914 0.161675 0.016724 0.068503 0.019559 0.043216 0.024409
0.756286 0.094646 0.005538 0.063661 0.044649 0.012319 0.022901
0.706557 0.122960 0.000010 0.073367 0.003430 0.066434 0.027242
0.691861 0.171276 0.058077 0.024678 0.000010 0.007060 0.047038
0.678013 0.181296 0.022446 0.040832 0.029013 0.024006 0.024393
0.698322 0.137968 0.026495 0.079333 0.000010 0.000010 0.057861
0.717751 0.096639 0.072068 0.023796 0.000148 0.065298 0.024300
0.702697 0.148686 0.049381 0.031372 0.033861 0.033994 0.000010
0.656175 0.172689 0.030732 0.056059 0.009589 0.052497 0.022259
0.683713 0.111317 0.000010 0.067466 0.024491 0.075865 0.037137
0.667617 0.169770 0.021023 0.062115 0.017859 0.042904 0.018712
0.659015 0.169936 0.031747 0.056740 0.032244 0.025405 0.024913
0.678585 0.187102 0.016217 0.053198 0.021225 0.022168 0.021505
0.686903 0.114997 0.028196 0.096918 0.017163 0.055812 0.000010
0.682617 0.150544 0.002544 0.035971 0.034730 0.059263 0.034330
0.704444 0.164384 0.000010 0.074699 0.012699 0.011711 0.032052
0.722948 0.117796 0.006688 0.061877 0.012398 0.049758 0.028535
0.675351 0.153927 0.022001 0.042082 0.000010 0.073282 0.033347
0.683172 0.124610 0.039002 0.050509 0.019760 0.054157 0.028790
0.693611 0.146240 0.020794 0.059994 0.021982 0.029622 0.027757
0.681344 0.165525 0.013843 0.056958 0.002698 0.027232 0.052399
0.676900 0.148582 0.059027 0.050161 0.014585 0.024335 0.026411
0.709542 0.164969 0.018979 0.026979 0.030982 0.024053 0.024495
0.738911 0.115099 0.015538 0.056644 0.009857 0.022773 0.041178
0.768919 0.074021 0.018361 0.048166 0.000010 0.067619 0.022902
0.754729 0.039483 0.003103 0.118839 0.016929 0.044105 0.022812
0.770119 0.088989 0.025367 0.061366 0.011358 0.037673 0.005127
0.728812 0.112472 0.046982 0.038916 0.023961 0.034316 0.014541
0.778890 0.082216 0.054931 0.032312 0.012544 0.001701 0.037406
0.759037 0.077667 0.016609 0.092690 0.022194 0.020142 0.011661
0.726198 0.105231 0.035343 0.034880 0.036134 0.035673 0.026542
0.732523 0.106173 0.015273 0.090456 0.011707 0.027055 0.016813
0.775682 0.054243 0.034486 0.023163 0.020895 0.063981 0.027550
0.754883 0.065830 0.048989 0.023017 0.014756 0.091022 0.001504
0.750438 0.129968 0.034189 0.035278 0.008190 0.001034 0.040902
0.717545 0.123013 0.006855 0.064438 0.002884 0.051185 0.034081
0.735974 0.094259 0.006776 0.057295 0.037021 0.066544 0.002130
0.446058 0.087022 0.076972 0.277683 0.033437 0.051786 0.027041
0.793117 0.054988 0.034662 0.030725 0.014552 0.059487 0.012468
0.703926 0.150940 0.028557 0.073269 0.000010 0.026969 0.016328
0.749931 0.092750 0.026839 0.046636 0.021690 0.023850 0.038304
0.768435 0.096175 0.030523 0.062703 0.015130 0.027025 0.000010
0.726783 0.103210 0.013472 0.076596 0.039990 0.031651 0.008297
0.769877 0.072044 0.041947 0.042967 0.020672 0.018168 0.034325
0.794742 0.037862 0.000010 0.047859 0.033132 0.056488 0.029907
0.913003 0.006702 0.022895 0.000010 0.021151 0.011680 0.024559
0.869811 0.040732 0.020371 0.000010 0.027300 0.041766 0.000010
0.907667 0.016745 0.029211 0.000010 0.033522 0.000010 0.012836
0.920081 0.014295 0.022716 0.006014 0.000010 0.011798 0.025086
0.903171 0.042320 0.026538 0.000010 0.003545 0.000010 0.024405
0.902130 0.032667 0.030395 0.000010 0.000013 0.034774 0.000010
0.892855 0.015956 0.027286 0.002836 0.000010 0.037924 0.023134
0.890034 0.018644 0.000010 0.020269 0.020305 0.046548 0.004190
0.921096 0.019693 0.034532 0.000010 0.011664 0.008998 0.004007
0.922977 0.004898 0.000010 0.017588 0.002052 0.023982 0.028494
0.888506 0.022251 0.011870 0.037703 0.025891 0.013769 0.000010
0.895075 0.045144 0.000010 0.012143 0.032161 0.011966 0.003501
0.907208 0.016852 0.020567 0.016561 0.018697 0.020106 0.000010
0.738569 0.173124 0.019944 0.019587 0.025798 0.022968 0.000010
0.890597 0.012031 0.017408 0.000010 0.018540 0.026909 0.034506
0.872784 0.028878 0.044415 0.000010 0.006718 0.038413 0.008781
0.915344 0.020931 0.020209 0.000010 0.002232 0.023448 0.017827
0.891386 0.017547 0.002279 0.035643 0.021008 0.023880 0.008257
0.509868 0.391237 0.009314 0.024945 0.004060 0.013792 0.046784
0.929922 0.000010 0.023074 0.000010 0.000010 0.025394 0.021580
0.839283 0.100312 0.046747 0.000010 0.005485 0.008152 0.000010
0.912195 0.020276 0.000010 0.000010 0.022093 0.028995 0.016421
0.851438 0.030355 0.032264 0.016481 0.000010 0.040925 0.028527
0.913290 0.024586 0.016585 0.000010 0.027556 0.017963 0.000010
0.897270 0.041809 0.000410 0.023296 0.022546 0.000010 0.014659
0.902064 0.051570 0.000010 0.018259 0.003610 0.000010 0.024477
0.011146 0.064246 0.003648 0.000010 0.044787 0.859128 0.017036
0.045637 0.083987 0.006423 0.000010 0.030342 0.823932 0.009668
0.000010 0.000010 0.000010 0.000010 0.000010 0.999940 0.000010
0.016047 0.000010 0.012743 0.000010 0.005824 0.951536 0.013829
0.022568 0.000010 0.001634 0.000010 0.000010 0.911537 0.064230
0.000010 0.000010 0.000010 0.000010 0.000010 0.999940 0.000010
0.003615 0.236380 0.000010 0.042624 0.026575 0.685250 0.005545
0.000010 0.000010 0.000010 0.000010 0.029052 0.970898 0.000010
0.000010 0.000010 0.000010 0.000010 0.000010 0.999940 0.000010
0.000010 0.049498 0.012106 0.000010 0.006817 0.928223 0.003337
0.000010 0.000010 0.000010 0.000010 0.002590 0.997360 0.000010
0.008230 0.033509 0.001183 0.004290 0.027319 0.883187 0.042282
0.000010 0.103165 0.020027 0.005650 0.016658 0.822907 0.031584
0.022260 0.185517 0.013013 0.026079 0.006863 0.711292 0.034976
0.049251 0.139546 0.000010 0.025248 0.003833 0.727429 0.054683
0.000010 0.019603 0.000010 0.000010 0.014498 0.965859 0.000010
0.000010 0.000010 0.000010 0.000010 0.000010 0.999940 0.000010
0.070841 0.452067 0.000010 0.029058 0.045802 0.382398 0.019825
0.000010 0.000010 0.000010 0.000010 0.000010 0.999940 0.000010
0.068212 0.310618 0.016070 0.006423 0.010028 0.588639 0.000010
0.000010 0.062770 0.000010 0.005268 0.018879 0.907661 0.005403
0.017232 0.101242 0.000010 0.000010 0.032376 0.795167 0.053963
0.000010 0.000010 0.000010 0.000010 0.000010 0.999940 0.000010
0.000010 0.000010 0.000010 0.000010 0.000010 0.999940 0.000010
0.034565 0.297993 0.020365 0.000010 0.009932 0.569781 0.067353
0.374259 0.096393 0.061782 0.302528 0.019658 0.108605 0.036774
0.287053 0.119557 0.035843 0.423636 0.002293 0.055694 0.075924
0.319654 0.112852 0.070121 0.346705 0.027686 0.098612 0.024370
0.324112 0.159848 0.048848 0.327915 0.050968 0.044169 0.044140
0.376603 0.106127 0.022198 0.315198 0.039942 0.095318 0.044613
0.355377 0.095772 0.027745 0.383908 0.023578 0.090303 0.023317
0.312254 0.095774 0.026603 0.388663 0.023664 0.107781 0.045260
0.337822 0.113446 0.006433 0.353884 0.033295 0.098720 0.056400
0.244861 0.339678 0.040912 0.196771 0.030362 0.097397 0.050020
0.270822 0.270861 0.031258 0.212509 0.041100 0.095083 0.078368
0.301747 0.131979 0.005893 0.413619 0.032263 0.101863 0.012636
0.430180 0.079074 0.019219 0.296360 0.001566 0.097229 0.076372
0.364238 0.093500 0.049426 0.310636 0.026818 0.131533 0.023849
0.323450 0.076150 0.046593 0.367184 0.030526 0.079785 0.076313
0.262668 0.242564 0.026913 0.290546 0.034183 0.101092 0.042034
0.286474 0.115762 0.026596 0.415982 0.004367 0.114527 0.036293
0.283773 0.131420 0.053530 0.350997 0.057334 0.095227 0.027719
0.294796 0.116702 0.006311 0.415880 0.034368 0.093567 0.038376
0.352597 0.105080 0.087057 0.310784 0.031965 0.092921 0.019596
0.334788 0.141663 0.043924 0.346594 0.028529 0.087455 0.017047
0.339194 0.117096 0.017505 0.370510 0.000010 0.100452 0.055233
0.322946 0.116686 0.062835 0.392618 0.022986 0.059319 0.022611
0.343450 0.147739 0.049259 0.374881 0.015356 0.047944 0.021371
0.332763 0.087126 0.031327 0.388606 0.049188 0.082213 0.028778
0.364977 0.097319 0.062518 0.324691 0.042230 0.058175 0.050089
0.352185 0.081167 0.028143 0.382915 0.035209 0.086223 0.034158
0.352293 0.103049 0.006695 0.379957 0.037162 0.075553 0.045292
0.279318 0.126703 0.069415 0.387436 0.027137 0.079046 0.030945
0.322743 0.129167 0.037897 0.352952 0.007280 0.083502 0.066459
0.317690 0.138379 0.046826 0.347723 0.038201 0.095623 0.015558
0.298053 0.087262 0.031072 0.407562 0.044231 0.076364 0.055456
0.331238 0.089591 0.036436 0.374448 0.000010 0.095071 0.073206
0.347134 0.148377 0.003788 0.354461 0.049340 0.049422 0.047478
0.314612 0.118466 0.045548 0.350936 0.053251 0.104953 0.012234
0.206561 0.247739 0.029656 0.219378 0.039691 0.170406 0.086569
0.377208 0.086903 0.000010 0.364171 0.019775 0.115197 0.036735
0.350511 0.093481 0.005278 0.406261 0.059639 0.053254 0.031577
0.293339 0.144808 0.042915 0.321716 0.062541 0.125821 0.008860
0.127603 0.057039 0.089499 0.546197 0.033717 0.074295 0.071649
0.168030 0.409555 0.000010 0.125199 0.000010 0.201405 0.095791
0.128767 0.440098 0.031457 0.107847 0.048159 0.167896 0.075776
0.156831 0.484517 0.067739 0.075022 0.011969 0.132742 0.071180
0.188408 0.436948 0.043579 0.064342 0.017534 0.144894 0.104293
0.176399 0.411411 0.029735 0.126295 0.016353 0.171061 0.068746
0.143944 0.416072 0.031152 0.106261 0.022403 0.189394 0.090775
0.165978 0.416974 0.006376 0.118408 0.038485 0.179894 0.073884
0.188871 0.350764 0.045745 0.102013 0.030577 0.175379 0.106652
0.118954 0.390506 0.038841 0.109839 0.036502 0.215691 0.089666
0.222697 0.430565 0.049247 0.055448 0.041878 0.125897 0.074269
0.116627 0.468073 0.049344 0.105780 0.031459 0.138280 0.090438
0.150130 0.394077 0.006010 0.096936 0.050679 0.201170 0.100999
0.157172 0.399640 0.053093 0.116717 0.035613 0.174113 0.063651
0.185436 0.414131 0.010898 0.097217 0.039633 0.155949 0.096736
0.145394 0.400969 0.032918 0.121676 0.013534 0.188760 0.096748
0.164388 0.440720 0.037316 0.111311 0.022693 0.122862 0.100710
0.200697 0.514994 0.017418 0.065649 0.027733 0.098244 0.075265
0.154323 0.400430 0.021349 0.114772 0.041126 0.147890 0.120110
0.158826 0.410985 0.010851 0.112358 0.034967 0.213737 0.058276
0.000010 0.000010 0.037886 0.044807 0.852744 0.000010 0.064533
0.061033 0.360605 0.039446 0.039825 0.437900 0.043475 0.017717
0.000010 0.030121 0.001994 0.025163 0.851885 0.029849 0.060978
0.000010 0.000010 0.202010 0.125333 0.397585 0.030087 0.244965
0.000010 0.000010 0.190237 0.104437 0.549828 0.000010 0.155468
0.060311 0.411832 0.049864 0.030230 0.282172 0.051672 0.113919
0.000010 0.000010 0.000010 0.000010 0.999940 0.000010 0.000010
0.000010 0.000010 0.000010 0.000010 0.999940 0.000010 0.000010
0.000010 0.000010 0.000010 0.000010 0.999940 0.000010 0.000010
0.000010 0.050411 0.000010 0.000010 0.912624 0.019325 0.017609
0.043119 0.345891 0.167066 0.061280 0.213314 0.041010 0.128320
0.000010 0.000010 0.041816 0.004007 0.954137 0.000010 0.000010
0.000010 0.000010 0.000010 0.000010 0.999939 0.000011 0.000010
0.000010 0.003531 0.013413 0.066836 0.795854 0.007369 0.112988
0.000010 0.031509 0.049420 0.059434 0.666731 0.015562 0.177334
0.000010 0.000010 0.000010 0.000010 0.999940 0.000010 0.000010
0.048992 0.388081 0.047903 0.061888 0.295599 0.089213 0.068322
0.001955 0.004978 0.000010 0.000010 0.993027 0.000010 0.000010
0.000010 0.000010 0.000010 0.000010 0.999940 0.000010 0.000010
0.000010 0.000010 0.000010 0.000010 0.999940 0.000010 0.000010
0.000010 0.055913 0.000010 0.000010 0.944037 0.000010 0.000010
0.000010 0.000010 0.180397 0.090425 0.663693 0.000010 0.065455
0.000010 0.000010 0.000010 0.000010 0.998724 0.000010 0.001226
0.000010 0.000010 0.000010 0.000010 0.999940 0.000010 0.000010
0.000010 0.039031 0.000010 0.000010 0.953189 0.000010 0.007740
0.000010 0.000010 0.067592 0.071649 0.765651 0.000158 0.094929
0.000010 0.000010 0.000010 0.000010 0.999940 0.000010 0.000010
0.085658 0.293326 0.000010 0.000010 0.620976 0.000010 0.000010
0.000010 0.000010 0.000010 0.000010 0.999940 0.000010 0.000010
0.000010 0.000010 0.076717 0.059069 0.692370 0.000010 0.171814
0.000010 0.000010 0.000010 0.000010 0.999940 0.000010 0.000010
0.111545 0.033354 0.113541 0.539107 0.071065 0.058493 0.072895
0.152241 0.054851 0.127961 0.546537 0.032647 0.024653 0.061111
0.150908 0.070062 0.118098 0.543352 0.025596 0.009686 0.082298
0.166841 0.090742 0.075298 0.518450 0.055141 0.044393 0.049135
0.114143 0.045228 0.162093 0.496070 0.042293 0.094150 0.046023
0.155949 0.063541 0.100509 0.501413 0.043908 0.089045 0.045635
0.125341 0.069163 0.128164 0.541423 0.037780 0.051432 0.046697
0.117468 0.146673 0.134339 0.423182 0.032497 0.089297 0.056544
0.160272 0.089983 0.117440 0.509526 0.032345 0.079662 0.010771
0.149829 0.143305 0.075121 0.448518 0.034698 0.089770 0.058759
0.093623 0.096386 0.125469 0.541689 0.020844 0.061794 0.060196
0.135025 0.065477 0.130569 0.510316 0.036638 0.064795 0.057180
0.106224 0.063485 0.122083 0.527483 0.062025 0.085438 0.033262
0.090132 0.045519 0.090000 0.607544 0.054209 0.057724 0.054872
0.122607 0.027803 0.145706 0.539032 0.017039 0.072689 0.075124
0.103644 0.097915 0.147224 0.510076 0.047370 0.020658 0.073114
0.153174 0.078288 0.097186 0.534154 0.041165 0.054320 0.041714
0.124344 0.066823 0.126812 0.540553 0.034358 0.057501 0.049610
0.124845 0.737906 0.006586 0.029563 0.012558 0.056516 0.032026
0.120427 0.721540 0.016080 0.024181 0.037920 0.066605 0.013247
0.000010 0.000010 0.140228 0.054302 0.113128 0.000010 0.692312
0.000010 0.000010 0.000010 0.000010 0.000010 0.000010 0.999940
0.000010 0.000010 0.087433 0.042909 0.127647 0.017737 0.724254
0.000010 0.000010 0.000010 0.000010 0.000010 0.000010 0.999940
0.181274 0.078380 0.078823 0.501988 0.005494 0.076878 0.077163
0.168012 0.061841 0.113049 0.489836 0.033349 0.063479 0.070433
0.138523 0.057589 0.140311 0.539564 0.026965 0.014579 0.082468
0.092773 0.079982 0.151972 0.518448 0.046163 0.043475 0.067188
0.000010 0.000010 0.072553 0.000010 0.136549 0.069687 0.721181
0.007950 0.020712 0.044443 0.007981 0.100319 0.101579 0.717016
0.019395 0.030374 0.185642 0.501107 0.135044 0.026229 0.102209
0.035571 0.022921 0.173777 0.479451 0.090250 0.114061 0.083969
0.037141 0.000010 0.236776 0.514550 0.089866 0.035699 0.085958
0.025373 0.000010 0.224152 0.510405 0.131208 0.000010 0.108842
0.034835 0.007174 0.199953 0.550450 0.115647 0.021085 0.070857
0.000572 0.025304 0.201978 0.498711 0.106865 0.055843 0.110726
0.000010 0.008681 0.225447 0.510697 0.124642 0.039279 0.091244
0.000010 0.000010 0.196790 0.547026 0.144136 0.022400 0.089627
0.002603 0.010717 0.168732 0.575696 0.137632 0.013115 0.091504
0.000010 0.000010 0.198630 0.512853 0.145263 0.043253 0.099980
0.033531 0.000660 0.206572 0.513727 0.118914 0.027366 0.099230
0.005795 0.000010 0.147385 0.558290 0.175112 0.051296 0.062112
0.000010 0.000010 0.213663 0.528559 0.129401 0.043383 0.084975
0.017673 0.000010 0.113495 0.601740 0.146315 0.022540 0.098228
0.006029 0.032371 0.208428 0.558817 0.095282 0.025694 0.073380
0.040005 0.000564 0.189637 0.543696 0.141039 0.011684 0.073375
0.000010 0.000010 0.210511 0.532782 0.126629 0.026884 0.103174
0.000010 0.007226 0.219107 0.494354 0.132438 0.059418 0.087447
0.072099 0.248705 0.091350 0.289901 0.107591 0.114195 0.076159
0.045397 0.000010 0.215256 0.478718 0.125287 0.013873 0.121458
0.010681 0.000010 0.205778 0.509956 0.122944 0.056543 0.094088
0.009932 0.000010 0.194893 0.544648 0.116251 0.030374 0.103892
0.000010 0.026921 0.213051 0.532891 0.114689 0.000010 0.112428
0.013030 0.024192 0.213423 0.491294 0.146263 0.027977 0.083821
0.029669 0.000010 0.237954 0.485318 0.144499 0.008370 0.094180
0.010352 0.007928 0.186900 0.625578 0.096641 0.023186 0.049414
0.015336 0.004487 0.220466 0.530220 0.107374 0.020008 0.102108
0.021591 0.014445 0.196951 0.511313 0.136136 0.000010 0.119554
0.000010 0.000010 0.229897 0.498934 0.145576 0.043740 0.081834
0.000796 0.004659 0.219752 0.491722 0.160033 0.040892 0.082148
0.006012 0.015632 0.196727 0.486209 0.154519 0.024893 0.116009
