0.034883 0.093228 0.108950 0.762939
0.049057 0.001462 0.209952 0.739529
0.018205 0.075789 0.125352 0.780655
0.045012 0.085515 0.102974 0.766499
0.018234 0.104639 0.134847 0.742280
0.038579 0.100591 0.076946 0.783884
0.044173 0.080314 0.106094 0.769419
0.025874 0.024147 0.193248 0.756731
0.002332 0.078089 0.175864 0.743715
0.046613 0.086697 0.110044 0.756646
0.049039 0.093649 0.098993 0.758318
0.023507 0.120903 0.097109 0.758481
0.038719 0.076353 0.134134 0.750793
0.030506 0.070966 0.102677 0.795850
0.020990 0.097579 0.111907 0.769523
0.061773 0.083376 0.087464 0.767387
0.027658 0.097697 0.108244 0.766400
0.052184 0.067294 0.117227 0.763295
0.018116 0.077452 0.155558 0.748874
0.039908 0.088329 0.126087 0.745676
0.046745 0.072424 0.129123 0.751708
0.006833 0.104635 0.144353 0.744178
0.043515 0.068778 0.174115 0.713592
0.007832 0.082238 0.177214 0.732716
0.051291 0.075523 0.089694 0.783492
0.012585 0.114835 0.103740 0.768841
0.023542 0.000010 0.407338 0.569110
0.030863 0.000010 0.406650 0.562477
0.013478 0.005608 0.397137 0.583777
0.027942 0.000010 0.369658 0.602390
0.021667 0.013906 0.425365 0.539062
0.017973 0.000428 0.419194 0.562406
0.008224 0.015866 0.384593 0.591317
0.034805 0.000010 0.396753 0.568432
0.020243 0.000010 0.438136 0.541610
0.021260 0.000010 0.421882 0.556848
0.026815 0.003130 0.415756 0.554300
0.015844 0.009857 0.367252 0.607046
0.013942 0.000010 0.437924 0.548124
0.023189 0.004694 0.346713 0.625403
0.006967 0.008116 0.379689 0.605228
0.024170 0.001482 0.369830 0.604518
0.022330 0.002687 0.422714 0.552269
0.021838 0.000010 0.384594 0.593558
0.022468 0.016217 0.398096 0.563219
0.020544 0.000010 0.411726 0.567720
0.008294 0.001870 0.395815 0.594020
0.008421 0.000010 0.396910 0.594660
0.013424 0.000010 0.476197 0.510369
0.018656 0.004659 0.391923 0.584762
0.010133 0.024260 0.371307 0.594300
0.020738 0.000010 0.419975 0.559277
0.048391 0.000010 0.434816 0.516783
0.017129 0.009552 0.414154 0.559164
0.028818 0.000010 0.350832 0.620340
0.016598 0.000010 0.368125 0.615267
0.004595 0.020049 0.352064 0.623292
0.025425 0.004561 0.395045 0.574969
0.117825 0.132857 0.226634 0.522684
0.154684 0.108891 0.232023 0.504402
0.121660 0.135692 0.234378 0.508270
0.130211 0.084618 0.238867 0.546304
0.145455 0.128840 0.223505 0.502200
0.130508 0.081628 0.266069 0.521794
0.119333 0.145233 0.240280 0.495155
0.155985 0.080976 0.278884 0.484155
0.003676 0.019873 0.976441 0.000010
0.096830 0.097297 0.258513 0.547360
0.164744 0.142224 0.211811 0.481221
0.104038 0.045246 0.480205 0.370512
0.077641 0.041811 0.252440 0.628108
0.118178 0.101377 0.271333 0.509113
0.124437 0.064502 0.232145 0.578915
0.291881 0.207855 0.182965 0.317299
0.315041 0.187351 0.186210 0.311398
0.287511 0.228821 0.181112 0.302556
0.286485 0.200259 0.173292 0.339964
0.280412 0.198548 0.193754 0.327286
0.256042 0.231560 0.171334 0.341064
0.337770 0.187466 0.171160 0.303604
0.268952 0.178572 0.172241 0.380235
0.258951 0.204670 0.179224 0.357155
0.287854 0.188912 0.171653 0.351581
0.283282 0.228959 0.172900 0.314859
0.263620 0.207130 0.163646 0.365605
0.337732 0.196949 0.158895 0.306423
0.294418 0.218759 0.208763 0.278060
0.305584 0.202733 0.203399 0.288285
0.287539 0.197985 0.219942 0.294534
0.227696 0.152336 0.215006 0.404961
0.268578 0.218695 0.203912 0.308816
0.243738 0.210470 0.181758 0.364034
0.307147 0.195008 0.187269 0.310576
0.286487 0.215218 0.171466 0.326829
0.311490 0.216015 0.199968 0.272527
0.289331 0.219674 0.131888 0.359107
0.247669 0.180960 0.207597 0.363774
0.315019 0.204304 0.176470 0.304207
0.347595 0.192254 0.160531 0.299620
0.295995 0.208550 0.185392 0.310064
0.201146 0.166431 0.176602 0.455822
0.282650 0.203416 0.160079 0.353855
0.284843 0.210440 0.198861 0.305856
0.348673 0.214263 0.157173 0.279890
0.290871 0.198305 0.179938 0.330886
0.306629 0.206613 0.176249 0.310509
0.334396 0.180750 0.151239 0.333616
0.037915 0.079179 0.216964 0.665942
0.054740 0.056083 0.221303 0.667874
0.039874 0.061937 0.256338 0.641851
0.066368 0.044849 0.199105 0.689678
0.069285 0.045109 0.223211 0.662395
0.040128 0.069858 0.220222 0.669792
0.051405 0.078623 0.247007 0.622964
0.049532 0.064265 0.236677 0.649527
0.053427 0.051425 0.230949 0.664199
0.042333 0.053655 0.231973 0.672038
0.050879 0.034867 0.213069 0.701186
0.040636 0.063315 0.204571 0.691478
0.046084 0.058771 0.223243 0.671902
0.042570 0.042182 0.525471 0.389777
0.043865 0.053867 0.228161 0.674107
0.044910 0.070792 0.209491 0.674807
0.061991 0.050055 0.225701 0.662253
0.034823 0.070150 0.210279 0.684748
0.038982 0.067473 0.209366 0.684179
0.011855 0.074871 0.227088 0.686187
0.054445 0.079691 0.181759 0.684105
0.067528 0.045621 0.222065 0.664786
0.036854 0.068361 0.204897 0.689888
0.051051 0.064702 0.238867 0.645380
0.063484 0.041589 0.217926 0.677001
0.056849 0.071444 0.212897 0.658809
0.029458 0.082430 0.223328 0.664783
0.046956 0.052567 0.225498 0.674978
0.026876 0.093152 0.227033 0.652938
0.044163 0.076793 0.226886 0.652158
0.039670 0.060677 0.245281 0.654372
0.059291 0.049999 0.200372 0.690337
0.041168 0.059558 0.214037 0.685237
0.105062 0.198878 0.187130 0.508929
0.117324 0.198033 0.160134 0.524509
0.160354 0.181899 0.173295 0.484452
0.124041 0.153212 0.158009 0.564738
0.123677 0.156056 0.183612 0.536655
0.120899 0.194518 0.169666 0.514917
0.110316 0.169726 0.191669 0.528288
0.121349 0.191238 0.166916 0.520496
0.148203 0.184155 0.172402 0.495240
0.119028 0.181876 0.158765 0.540331
0.138477 0.185971 0.142026 0.533526
0.026414 0.036122 0.207470 0.729994
0.130455 0.181493 0.171932 0.516119
0.124122 0.214054 0.139370 0.522454
0.148988 0.154292 0.162784 0.533936
0.110608 0.182133 0.182446 0.524813
0.143977 0.206667 0.156109 0.493248
0.122682 0.187675 0.171919 0.517724
0.111921 0.192962 0.176490 0.518627
0.124756 0.188577 0.143946 0.542721
0.142143 0.193405 0.150571 0.513881
0.130917 0.195341 0.187466 0.486276
0.130226 0.176371 0.197881 0.495522
0.122097 0.190877 0.174125 0.512900
0.123078 0.176577 0.183587 0.516757
0.122592 0.161081 0.172870 0.543457
0.129222 0.199885 0.171373 0.499520
0.126796 0.184572 0.190122 0.498509
0.005114 0.000379 0.300190 0.694317
0.011192 0.000010 0.243114 0.745684
0.000010 0.017701 0.216673 0.765616
0.000335 0.020804 0.238265 0.740597
0.019688 0.003690 0.231048 0.745574
0.000010 0.019713 0.233355 0.746921
0.001644 0.000438 0.234743 0.763175
0.012246 0.006579 0.227893 0.753282
0.013559 0.013126 0.229968 0.743347
0.023579 0.000010 0.238200 0.738211
0.019168 0.000010 0.331600 0.649223
0.003764 0.019097 0.245844 0.731295
0.000010 0.000010 0.225877 0.774103
0.013541 0.003236 0.245258 0.737965
0.000010 0.012403 0.251084 0.736503
0.007546 0.009123 0.230468 0.752863
0.005841 0.018043 0.248664 0.727452
0.000010 0.021243 0.227851 0.750896
0.009910 0.001153 0.212243 0.776694
0.000010 0.021520 0.212397 0.766073
0.007421 0.014220 0.252379 0.725979
0.013113 0.000010 0.224829 0.762048
0.015537 0.007558 0.214660 0.762245
0.012611 0.019709 0.267537 0.700143
0.036143 0.000010 0.393583 0.570264
0.000010 0.018598 0.225134 0.756258
0.003170 0.004528 0.267734 0.724568
0.007848 0.019500 0.257959 0.714693
0.008330 0.005625 0.280526 0.705519
0.015957 0.062051 0.751245 0.170747
0.009691 0.049916 0.751213 0.189181
0.017908 0.054994 0.749555 0.177543
0.038713 0.042190 0.755921 0.163177
0.039382 0.028758 0.769668 0.162192
0.003020 0.056903 0.760143 0.179934
0.049609 0.029206 0.743948 0.177236
0.034411 0.052203 0.760023 0.153363
0.023990 0.033916 0.759890 0.182204
0.022133 0.062323 0.736119 0.179425
0.025314 0.064668 0.752789 0.157229
0.049968 0.012755 0.742502 0.194775
0.019436 0.063536 0.754702 0.162326
0.026101 0.033183 0.774858 0.165858
0.018685 0.044303 0.745632 0.191380
0.005078 0.071340 0.757599 0.165983
0.019117 0.044604 0.706337 0.229941
0.013680 0.049734 0.777381 0.159205
0.019336 0.035220 0.833582 0.111862
0.022991 0.015101 0.848313 0.113595
0.037757 0.037737 0.783079 0.141427
0.000010 0.065107 0.847651 0.087232
0.026407 0.012009 0.869233 0.092352
0.032953 0.043458 0.825234 0.098356
0.047794 0.038900 0.773336 0.139970
0.015704 0.060528 0.815897 0.107871
0.032764 0.027273 0.859048 0.080915
0.000010 0.049353 0.850699 0.099938
0.037095 0.021810 0.816295 0.124801
0.077752 0.053419 0.487496 0.381333
0.021797 0.027426 0.848542 0.102235
0.040957 0.027156 0.790905 0.140982
0.055474 0.042512 0.780492 0.121522
0.038987 0.028484 0.819526 0.113003
0.044567 0.043774 0.815778 0.095881
0.047840 0.019952 0.773970 0.158238
0.018621 0.034168 0.830405 0.116806
0.027259 0.026901 0.850467 0.095373
0.013872 0.031538 0.836023 0.118567
0.018548 0.030478 0.844156 0.106819
0.022273 0.043116 0.860842 0.073769
0.047870 0.039003 0.761359 0.151768
0.033328 0.039436 0.854043 0.073194
0.046268 0.026724 0.830947 0.096061
0.015324 0.052084 0.839399 0.093192
0.034141 0.034403 0.817626 0.113830
0.010863 0.065128 0.818746 0.105264
0.032613 0.043379 0.833627 0.090381
0.014426 0.022240 0.835533 0.127801
0.067730 0.058646 0.704195 0.169429
0.051100 0.056255 0.737508 0.155137
0.094156 0.023330 0.718848 0.163667
0.062847 0.035394 0.748951 0.152809
0.083233 0.038020 0.718517 0.160231
0.087824 0.012495 0.724229 0.175452
0.081015 0.019613 0.763878 0.135494
0.042198 0.066915 0.718286 0.172600
0.085065 0.035715 0.697463 0.181756
0.074651 0.015380 0.771929 0.138040
0.073783 0.039000 0.746943 0.140274
0.077979 0.031399 0.735950 0.154672
0.073960 0.019670 0.729377 0.176994
0.086850 0.027357 0.710770 0.175023
0.063747 0.028747 0.767300 0.140207
0.082257 0.015059 0.765163 0.137520
0.078708 0.033537 0.757622 0.130133
0.082356 0.028028 0.730082 0.159534
0.091726 0.018986 0.729763 0.159525
0.087999 0.021489 0.704961 0.185552
0.078384 0.045606 0.726675 0.149334
0.060179 0.042016 0.736917 0.160888
0.082067 0.039254 0.734452 0.144226
0.043972 0.054645 0.756006 0.145376
0.062202 0.051468 0.720458 0.165872
0.086778 0.018006 0.757818 0.137398
0.058184 0.050170 0.775984 0.115662
0.101161 0.020313 0.718744 0.159782
0.046643 0.018394 0.751313 0.183651
0.055733 0.069042 0.740433 0.134792
0.100082 0.025187 0.713529 0.161203
0.066848 0.022960 0.784291 0.125902
0.097939 0.015418 0.707958 0.178684
0.055437 0.043262 0.736513 0.164788
0.059311 0.033986 0.746526 0.160177
0.011823 0.012327 0.956698 0.019152
0.005898 0.000010 0.977876 0.016216
0.013346 0.007065 0.944341 0.035247
0.017309 0.010812 0.925972 0.045906
0.000010 0.018574 0.981406 0.000010
0.010526 0.002602 0.962420 0.024453
0.005896 0.026668 0.895374 0.072062
0.006658 0.000010 0.986926 0.006406
0.027812 0.000010 0.972168 0.000010
0.000019 0.008706 0.991266 0.000010
0.011118 0.006671 0.971251 0.010960
0.017871 0.000010 0.938089 0.044031
0.012063 0.011838 0.964236 0.011863
0.000010 0.020505 0.977130 0.002355
0.010901 0.011718 0.942085 0.035296
0.002068 0.010187 0.910720 0.077025
0.000328 0.017915 0.961829 0.019929
0.013319 0.000010 0.977056 0.009614
0.000010 0.016619 0.935831 0.047540
0.000010 0.025510 0.888640 0.085841
0.015271 0.001474 0.983244 0.000010
0.026861 0.006247 0.965481 0.001410
0.006045 0.004326 0.974867 0.014761
0.000846 0.003132 0.996012 0.000010
0.015580 0.003465 0.980945 0.000010
0.008578 0.007051 0.977236 0.007134
0.060485 0.043158 0.648161 0.248197
0.010269 0.008256 0.981465 0.000010
0.000010 0.019647 0.953694 0.026649
0.013550 0.004277 0.949925 0.032249
0.000010 0.019193 0.961166 0.019631
0.074744 0.060454 0.702463 0.162338
0.090127 0.040977 0.721696 0.147201
0.007211 0.018454 0.949835 0.024499
0.000010 0.024070 0.975910 0.000010
0.000010 0.010450 0.963587 0.025953
0.009701 0.010556 0.297907 0.681836
0.007823 0.021162 0.241582 0.729434
0.011911 0.045596 0.250657 0.691836
0.001406 0.000010 0.298928 0.699656
0.019843 0.001593 0.252656 0.725908
0.011679 0.039762 0.249812 0.698747
0.022657 0.004289 0.267394 0.705660
0.014122 0.000010 0.339747 0.646121
0.000010 0.018394 0.256570 0.725027
0.008807 0.033385 0.259116 0.698692
0.000010 0.034351 0.294063 0.671575
0.003189 0.018524 0.311654 0.666634
0.000010 0.009178 0.259141 0.731671
0.004633 0.016998 0.323088 0.655281
0.003126 0.014516 0.269608 0.712751
0.021178 0.003562 0.299631 0.675629
0.023787 0.006729 0.235875 0.733608
0.012081 0.001808 0.239034 0.747077
0.081495 0.115334 0.197300 0.605872
0.006438 0.030355 0.385695 0.577513
0.023358 0.000010 0.268965 0.707667
0.000010 0.014889 0.286695 0.698406
0.013514 0.001133 0.344475 0.640878
0.017087 0.005478 0.282128 0.695308
0.009167 0.009906 0.269361 0.711566
0.005724 0.000010 0.308666 0.685600
0.000010 0.003753 0.279823 0.716414
0.081337 0.025510 0.809954 0.083198
0.010748 0.000010 0.290405 0.698837
0.059260 0.041622 0.814957 0.084161
0.018962 0.214902 0.122378 0.643758
0.050159 0.199606 0.119162 0.631074
0.023135 0.215878 0.084593 0.676394
0.043499 0.193368 0.120150 0.642983
0.057683 0.168215 0.137423 0.636679
0.028487 0.192108 0.111502 0.667903
0.066028 0.169567 0.126589 0.637816
0.033625 0.204126 0.126640 0.635609
0.038807 0.203791 0.122590 0.634812
0.053972 0.172974 0.116996 0.656058
0.064347 0.176212 0.163367 0.596074
0.046739 0.168150 0.135311 0.649800
0.036272 0.184379 0.119422 0.659927
0.052369 0.154382 0.126448 0.666801
0.061125 0.195315 0.163241 0.580319
0.066627 0.144639 0.110232 0.678502
0.064020 0.166628 0.132585 0.636767
0.041511 0.167650 0.136603 0.654235
0.061282 0.185143 0.104018 0.649557
0.049176 0.199258 0.106679 0.644887
0.058573 0.166786 0.114329 0.660312
0.068551 0.166426 0.109056 0.655968
0.056014 0.174466 0.158983 0.610537
0.054938 0.186505 0.111758 0.646799
0.066042 0.177228 0.125690 0.631040
0.052902 0.188179 0.140435 0.618484
0.049194 0.168934 0.117356 0.664516
0.064779 0.160366 0.137127 0.637728
0.063285 0.155933 0.100262 0.680520
0.059126 0.187636 0.094094 0.659144
0.051186 0.154683 0.121907 0.672224
0.058665 0.177401 0.124203 0.639731
0.089405 0.043977 0.703594 0.163024
0.069383 0.047515 0.682827 0.200274
0.095289 0.009488 0.744304 0.150919
0.071837 0.045729 0.832432 0.050002
0.060933 0.043761 0.761651 0.133655
0.089616 0.057645 0.713181 0.139558
0.085920 0.028904 0.739789 0.145387
0.049373 0.048251 0.740500 0.161876
0.074510 0.024072 0.727711 0.173707
0.076696 0.035958 0.713891 0.173456
0.060872 0.051146 0.794287 0.093694
0.068853 0.028115 0.754563 0.148469
0.067416 0.028160 0.731499 0.172925
0.052841 0.039322 0.724271 0.183566
0.101831 0.020476 0.736923 0.140770
0.083228 0.033427 0.757195 0.126151
0.067270 0.033910 0.747229 0.151590
0.075921 0.030385 0.704894 0.188800
0.065885 0.057735 0.730274 0.146105
0.072554 0.031758 0.716340 0.179347
0.076818 0.045882 0.703599 0.173702
0.058244 0.028680 0.726234 0.186842
0.117023 0.020302 0.732593 0.130083
0.033980 0.061775 0.730864 0.173381
0.065210 0.023049 0.749235 0.162505
0.063450 0.032236 0.766964 0.137350
0.057940 0.033478 0.724274 0.184307
0.079072 0.049191 0.726519 0.145218
0.071717 0.037304 0.737241 0.153739
0.063774 0.033085 0.725825 0.177316
0.093902 0.034501 0.718426 0.153170
0.034633 0.043741 0.754095 0.167532
0.064710 0.032550 0.778583 0.124158
0.060066 0.027006 0.811314 0.101614
0.118339 0.032055 0.791593 0.058013
0.075891 0.016780 0.810331 0.096998
0.072456 0.037824 0.768841 0.120879
0.073433 0.033989 0.810502 0.082076
0.099500 0.025065 0.796780 0.078655
0.060183 0.056849 0.765498 0.117470
0.097994 0.016635 0.773188 0.112183
0.050783 0.052501 0.813595 0.083122
0.062674 0.038687 0.796785 0.101855
0.056659 0.028039 0.787751 0.127551
0.063312 0.032506 0.763966 0.140217
0.057926 0.045150 0.781029 0.115895
0.344358 0.061285 0.485771 0.108586
0.056672 0.033907 0.831719 0.077701
0.091671 0.005255 0.747594 0.155479
0.063157 0.048041 0.787056 0.101745
0.081092 0.013184 0.808586 0.097137
0.081053 0.042396 0.768667 0.107884
0.073422 0.044249 0.803542 0.078787
0.042662 0.061298 0.832626 0.063414
0.012796 0.034598 0.940834 0.011772
0.010875 0.030724 0.907516 0.050885
0.014128 0.039426 0.936423 0.010024
0.019560 0.012871 0.948916 0.018653
0.008110 0.020998 0.934966 0.035926
0.018730 0.002490 0.936687 0.042094
0.024487 0.017538 0.924474 0.033501
0.014038 0.026631 0.925205 0.034126
0.018800 0.014924 0.949021 0.017255
0.007195 0.023528 0.954551 0.014725
0.038975 0.020479 0.922373 0.018173
0.000010 0.028140 0.929540 0.042310
0.025839 0.016846 0.938158 0.019157
0.026053 0.019830 0.786420 0.167696
0.007759 0.045740 0.921840 0.024661
0.028835 0.024172 0.906685 0.040308
0.003424 0.020725 0.948358 0.027493
0.029413 0.024291 0.925126 0.021170
0.019669 0.022394 0.574956 0.382981
0.011655 0.020049 0.964365 0.003932
0.026368 0.004600 0.876877 0.092155
0.000010 0.026708 0.943674 0.029608
0.044539 0.019970 0.883947 0.051545
0.000010 0.030361 0.946892 0.022737
0.013708 0.022170 0.930001 0.034121
0.008448 0.010211 0.934709 0.046632
0.066982 0.302973 0.140158 0.489886
0.060753 0.274177 0.173884 0.491186
0.093251 0.256509 0.147469 0.502770
0.089407 0.284019 0.159051 0.467523
0.075802 0.302946 0.150447 0.470805
0.066656 0.290634 0.154602 0.488108
0.080186 0.223214 0.131451 0.565149
0.071999 0.313269 0.133234 0.481499
0.076822 0.287935 0.120839 0.514404
0.079203 0.273397 0.143020 0.504380
0.048736 0.309419 0.151050 0.490795
0.078418 0.304890 0.142533 0.474159
0.082809 0.274937 0.126079 0.516175
0.082535 0.234484 0.146624 0.536357
0.071791 0.253652 0.169087 0.505470
0.079837 0.279309 0.122721 0.518133
0.073291 0.284708 0.131221 0.510779
0.043213 0.151814 0.184235 0.620738
0.072042 0.286514 0.115100 0.526344
0.053971 0.171243 0.186892 0.587894
0.070792 0.285738 0.128359 0.515112
0.059519 0.296618 0.143007 0.500857
0.071204 0.309123 0.134100 0.485573
0.089110 0.286100 0.178784 0.446006
0.052904 0.216479 0.148193 0.582423
0.360902 0.069101 0.422781 0.147215
0.460702 0.054163 0.330899 0.154236
0.409921 0.065475 0.369039 0.155564
0.368123 0.083774 0.371727 0.176376
0.339891 0.082076 0.425821 0.152212
0.412176 0.048704 0.403808 0.135313
0.418825 0.069632 0.363344 0.148198
0.365978 0.082265 0.388276 0.163481
0.231384 0.077126 0.313857 0.377633
0.242734 0.107525 0.331186 0.318555
0.420712 0.049909 0.356019 0.173361
0.321192 0.067497 0.475240 0.136072
0.361085 0.069370 0.415628 0.153917
0.416358 0.093334 0.365389 0.124919
0.315079 0.075842 0.324790 0.284289
0.445449 0.046195 0.339055 0.169301
0.399853 0.094948 0.334122 0.171078
0.427001 0.066720 0.345738 0.160540
0.389262 0.067019 0.397726 0.145993
0.385682 0.052366 0.386842 0.175109
0.395656 0.044964 0.389162 0.170217
0.447973 0.043964 0.369372 0.138690
0.416536 0.029334 0.390921 0.163208
0.419106 0.079108 0.380726 0.121059
0.382981 0.083378 0.406214 0.127426
0.412341 0.067189 0.397508 0.122961
0.389203 0.071419 0.400130 0.139248
0.449618 0.062089 0.327328 0.160965
0.391093 0.063639 0.371282 0.173986
0.391076 0.061988 0.369044 0.177891
0.439462 0.090077 0.343227 0.127234
0.414338 0.065121 0.377965 0.142576
0.357929 0.076777 0.395952 0.169342
0.393704 0.079709 0.366586 0.160001
0.254264 0.136966 0.273259 0.335511
0.368492 0.061541 0.429770 0.140198
0.412130 0.076299 0.395867 0.115704
0.361848 0.093147 0.349826 0.195180
0.633722 0.098018 0.165036 0.103224
0.136068 0.099836 0.254050 0.510046
0.138080 0.133917 0.212774 0.515229
0.131508 0.089721 0.240242 0.538529
0.104652 0.119642 0.266522 0.509184
0.153712 0.100110 0.259865 0.486312
0.139636 0.125383 0.226955 0.508025
0.127307 0.123809 0.251032 0.497853
0.150671 0.143838 0.262382 0.443109
0.152516 0.149484 0.202525 0.495474
0.097151 0.118102 0.300208 0.484538
0.151015 0.119057 0.197840 0.532088
0.110089 0.162692 0.233867 0.493352
0.166609 0.118148 0.237521 0.477722
0.111045 0.133864 0.264766 0.490325
0.155340 0.124059 0.228281 0.492320
0.145491 0.112097 0.241199 0.501213
0.076891 0.086832 0.284883 0.551395
0.139426 0.151520 0.231149 0.477906
0.129210 0.117256 0.247376 0.506158
0.074644 0.925336 0.000010 0.000010
0.065098 0.456283 0.122322 0.356296
0.030919 0.900918 0.017786 0.050376
0.313314 0.625536 0.000010 0.061140
0.267813 0.732167 0.000010 0.000010
0.068039 0.372378 0.126531 0.433051
0.000010 0.999970 0.000010 0.000010
0.000010 0.999970 0.000010 0.000010
0.000010 0.999970 0.000010 0.000010
0.000010 0.928352 0.036657 0.034981
0.203824 0.330077 0.093146 0.372953
0.034091 0.965886 0.000012 0.000010
0.000010 0.999970 0.000010 0.000010
0.080094 0.884899 0.001539 0.033468
0.110851 0.807828 0.000010 0.081311
0.000010 0.999970 0.000010 0.000010
0.099691 0.363000 0.118812 0.418496
0.000010 0.960059 0.039921 0.000010
0.000010 0.999970 0.000010 0.000010
0.000010 0.999970 0.000010 0.000010
0.000010 0.920092 0.051939 0.027959
0.231450 0.768530 0.000010 0.000010
0.000010 0.999970 0.000010 0.000010
0.000010 0.999970 0.000010 0.000010
0.000010 0.948424 0.017829 0.033737
0.127489 0.856725 0.000010 0.015776
0.000010 0.999970 0.000010 0.000010
0.000010 0.597830 0.142547 0.259613
0.000010 0.991193 0.008787 0.000010
0.131118 0.838057 0.000010 0.030815
0.000010 0.999970 0.000010 0.000010
0.645908 0.137354 0.144510 0.072228
0.661301 0.083099 0.183412 0.072188
0.651369 0.080922 0.179118 0.088591
0.587454 0.091553 0.206537 0.114456
0.646086 0.107471 0.149319 0.097123
0.595788 0.097941 0.195928 0.110343
0.659535 0.080799 0.159092 0.100574
0.546192 0.097488 0.163310 0.193009
0.616930 0.057289 0.202036 0.123746
0.519835 0.092195 0.200085 0.187885
0.659868 0.074437 0.133080 0.132616
0.631526 0.093968 0.170747 0.103759
0.640904 0.108779 0.146294 0.104022
0.693840 0.099976 0.126082 0.080102
0.676415 0.093757 0.154953 0.074875
0.642788 0.104214 0.136108 0.116890
0.625429 0.075956 0.191143 0.107471
0.658055 0.082808 0.161167 0.097969
0.019009 0.021001 0.228659 0.731331
0.020761 0.039399 0.222889 0.716951
0.225087 0.645805 0.000010 0.129099
0.079884 0.697884 0.006434 0.215799
0.169939 0.666462 0.000010 0.163589
0.030326 0.762289 0.000010 0.207375
0.579990 0.071568 0.221469 0.126974
0.595546 0.098001 0.204672 0.101781
0.668147 0.088033 0.166675 0.077145
0.654766 0.110904 0.128039 0.106291
0.121152 0.687679 0.000010 0.191159
0.103631 0.642949 0.014811 0.238610
0.668555 0.230002 0.043528 0.057915
0.643378 0.194702 0.071778 0.090142
0.725363 0.186405 0.057777 0.030455
0.712011 0.228536 0.042853 0.016600
0.729580 0.186994 0.055916 0.027510
0.683807 0.218015 0.026970 0.071208
0.714964 0.219895 0.021973 0.043167
0.726396 0.240564 0.009136 0.023904
0.726209 0.219306 0.026708 0.027777
0.696530 0.245012 0.013224 0.045234
0.701047 0.214745 0.053104 0.031104
0.692607 0.239903 0.035111 0.032379
0.723006 0.224302 0.017493 0.035200
0.706753 0.225665 0.047746 0.019837
0.747210 0.167619 0.029156 0.056015
0.711909 0.213162 0.059906 0.015023
0.722456 0.228654 0.017607 0.031283
0.694881 0.230790 0.022300 0.052029
0.373776 0.190776 0.131685 0.303763
0.671464 0.242311 0.072793 0.013432
0.695119 0.231722 0.046062 0.027097
0.723312 0.211882 0.032780 0.032027
0.723773 0.211000 0.018908 0.046319
0.682615 0.232410 0.034663 0.050312
0.696545 0.238198 0.047422 0.017835
0.792146 0.147761 0.037762 0.022332
0.728463 0.204800 0.035860 0.030876
0.689751 0.234563 0.041343 0.034343
0.707100 0.240378 0.021954 0.030569
0.689602 0.251276 0.022640 0.036481
0.664112 0.263331 0.026471 0.046085
0.716378 0.226309 0.029508 0.027805
0.728717 0.210425 0.031763 0.029095
0.069681 0.669778 0.006621 0.253919
0.090525 0.710622 0.004317 0.194536
0.071616 0.681097 0.000010 0.247277
0.071573 0.702149 0.001335 0.224943
0.035533 0.746540 0.000010 0.217917
0.155683 0.674009 0.000010 0.170298
0.115386 0.639517 0.000010 0.245087
0.115560 0.647466 0.004656 0.232317
0.068787 0.686922 0.001114 0.243177
0.060494 0.700524 0.000010 0.238972
0.119206 0.595995 0.000010 0.284789
0.066622 0.736013 0.000010 0.197355
0.088423 0.668901 0.000010 0.242666
0.108117 0.627127 0.000010 0.264746
0.158210 0.644380 0.000010 0.197400
0.082410 0.689835 0.000010 0.227746
0.052982 0.744368 0.000010 0.202639
0.065650 0.709683 0.000010 0.224658
0.069809 0.678639 0.000010 0.251542
0.100416 0.626856 0.000010 0.272717
0.044333 0.430866 0.110727 0.414074
0.068692 0.468472 0.055010 0.407826
0.070899 0.685851 0.015229 0.228021
0.766313 0.174031 0.029740 0.029916
0.697540 0.216287 0.065095 0.021078
0.681077 0.231649 0.039286 0.047988
0.705764 0.231560 0.043995 0.018681
0.692633 0.187282 0.063809 0.056276
0.673292 0.229092 0.048356 0.049260
0.714815 0.226269 0.022070 0.036846
0.741460 0.198200 0.045770 0.014570
0.658244 0.226067 0.035162 0.080527
0.686081 0.217095 0.058635 0.038189
0.725999 0.223493 0.042651 0.007857
0.881558 0.067070 0.018473 0.032898
0.658634 0.094023 0.069630 0.177713
0.885382 0.050520 0.020036 0.044061
0.885808 0.056928 0.016107 0.041157
0.872634 0.067366 0.043460 0.016540
0.830716 0.102423 0.041051 0.025810
0.775255 0.056710 0.086054 0.081981
0.861981 0.089423 0.029921 0.018675
0.868544 0.086232 0.028539 0.016685
0.875722 0.084853 0.018471 0.020954
0.852384 0.090003 0.008507 0.049107
0.872887 0.056182 0.057260 0.013671
0.439920 0.032841 0.139994 0.387246
0.912071 0.034563 0.039852 0.013514
0.844436 0.122391 0.023234 0.009939
0.854784 0.087290 0.039029 0.018897
0.573891 0.079581 0.099437 0.247092
0.709893 0.053126 0.153096 0.083885
0.866513 0.062357 0.028408 0.042723
0.866346 0.079033 0.034279 0.020343
0.835171 0.111746 0.011248 0.041835
0.898488 0.062295 0.039207 0.000010
0.862046 0.079654 0.006875 0.051425
0.380779 0.173508 0.104271 0.341443
0.871160 0.088878 0.008707 0.031255
0.888206 0.076387 0.010106 0.025301
0.883359 0.064055 0.008352 0.044234
0.893280 0.053877 0.036473 0.016370
0.893636 0.057397 0.023195 0.025773
0.862896 0.074142 0.037123 0.025838
0.865053 0.085955 0.032838 0.016154
0.858438 0.081870 0.035022 0.024670
0.868247 0.096022 0.008155 0.027576
0.869598 0.072471 0.027535 0.030396
0.874129 0.072454 0.011159 0.042258
0.658426 0.086903 0.092215 0.162456
0.862420 0.099014 0.014281 0.024285
0.811320 0.045650 0.032516 0.110513
0.792352 0.119671 0.052506 0.035470
0.855825 0.065176 0.047446 0.031554
0.904288 0.042941 0.030207 0.022564
0.891125 0.053022 0.037363 0.018491
0.873102 0.052299 0.026948 0.047651
0.852074 0.085724 0.006797 0.055405
0.999970 0.000010 0.000010 0.000010
0.999970 0.000010 0.000010 0.000010
0.999970 0.000010 0.000010 0.000010
0.999970 0.000010 0.000010 0.000010
0.999970 0.000010 0.000010 0.000010
0.999970 0.000010 0.000010 0.000010
0.999970 0.000010 0.000010 0.000010
0.999970 0.000010 0.000010 0.000010
0.999970 0.000010 0.000010 0.000010
0.999970 0.000010 0.000010 0.000010
0.999970 0.000010 0.000010 0.000010
0.999970 0.000010 0.000010 0.000010
0.989020 0.000010 0.010960 0.000010
0.553206 0.105838 0.205183 0.135774
0.559631 0.096850 0.179317 0.164202
0.617639 0.069330 0.186665 0.126366
0.559926 0.088104 0.198640 0.153330
0.548485 0.092280 0.238098 0.121137
0.554766 0.093438 0.222336 0.129460
0.628081 0.065705 0.186478 0.119737
0.596559 0.084435 0.167755 0.151252
0.622290 0.050300 0.171846 0.155565
0.608934 0.076046 0.179232 0.135788
0.617302 0.073522 0.221694 0.087482
0.448531 0.069644 0.299914 0.181912
0.552298 0.105854 0.195423 0.146424
0.578236 0.084570 0.179132 0.158062
0.614077 0.055240 0.159170 0.171512
0.654696 0.089268 0.159376 0.096661
0.550532 0.105646 0.189705 0.154117
0.601889 0.072828 0.190822 0.134462
0.554537 0.103680 0.204057 0.137726
0.487401 0.083765 0.263926 0.164909
0.567815 0.074375 0.200332 0.157479
0.579192 0.086114 0.201205 0.133489
0.569369 0.073356 0.207867 0.149408
0.614210 0.083034 0.157073 0.145684
0.567934 0.095283 0.210392 0.126391
0.570627 0.104710 0.178325 0.146338
0.585692 0.077746 0.199689 0.136873
0.585859 0.096520 0.186834 0.130786
0.547829 0.086061 0.187686 0.178425
0.600921 0.086139 0.183257 0.129683
0.518223 0.107539 0.204939 0.169299
0.642617 0.066960 0.169257 0.121166
0.602091 0.061994 0.205439 0.130475
0.315508 0.046841 0.169465 0.468186
0.568662 0.090385 0.206270 0.134683
0.592472 0.060141 0.199997 0.147390
0.574663 0.083813 0.178697 0.162827
0.589991 0.059895 0.202575 0.147539
0.581202 0.081046 0.201687 0.136065
0.589000 0.090325 0.192697 0.127977
0.703966 0.083063 0.142368 0.070603
0.579135 0.090958 0.191604 0.138303
0.566414 0.094763 0.194325 0.144498
0.540681 0.099626 0.212407 0.147286
0.570210 0.066210 0.199629 0.163950
0.641718 0.087360 0.142968 0.127955
0.657983 0.068841 0.162942 0.110234
0.611789 0.096546 0.175647 0.116018
0.628308 0.091309 0.147236 0.133147
0.023130 0.034844 0.221544 0.720482
0.005570 0.039458 0.251098 0.703874
0.023824 0.074523 0.208022 0.693631
0.010147 0.005565 0.279881 0.704407
0.022726 0.017291 0.226672 0.733311
0.049701 0.074418 0.187324 0.688558
0.359111 0.165107 0.221476 0.254307
0.048500 0.095452 0.176026 0.680021
0.019078 0.032867 0.227899 0.720155
0.010370 0.061832 0.214641 0.713157
0.059517 0.046050 0.199837 0.694597
0.025636 0.008161 0.212424 0.753778
0.287448 0.222598 0.191508 0.298446
0.028966 0.054395 0.202300 0.714338
0.049646 0.070390 0.203442 0.676522
0.058879 0.077389 0.193525 0.670207
0.000010 0.009940 0.323176 0.666874
0.035736 0.029804 0.221281 0.713179
0.043641 0.053205 0.200237 0.702917
0.037011 0.028491 0.197962 0.736535
0.082467 0.020081 0.375701 0.521751
0.026537 0.018110 0.256137 0.699216
0.036521 0.041570 0.214701 0.707208
0.130115 0.185916 0.161604 0.522365
0.033266 0.084379 0.185334 0.697021
0.015063 0.056396 0.229360 0.699181
0.019933 0.003388 0.193817 0.782863
0.147393 0.187210 0.147156 0.518241
0.012920 0.000010 0.223411 0.763659
0.051934 0.016311 0.215017 0.716738
0.028006 0.079514 0.209314 0.683166
0.022921 0.043359 0.238653 0.695067
0.050836 0.053212 0.228179 0.667773
0.041809 0.106944 0.168361 0.682886
0.123426 0.169833 0.169973 0.536769
0.022188 0.124025 0.172722 0.681065
0.076186 0.058331 0.231763 0.633719
0.018123 0.051129 0.225972 0.704775
0.028403 0.084546 0.152648 0.734404
0.036212 0.097446 0.176180 0.690162
0.061295 0.058050 0.186004 0.694651
0.043663 0.097121 0.164575 0.694642
0.028656 0.093193 0.142577 0.735575
0.052230 0.071331 0.178812 0.697626
0.052073 0.091708 0.179248 0.676971
0.036543 0.100783 0.169298 0.693376
0.012654 0.039487 0.203412 0.744447
0.039924 0.043264 0.183003 0.733808
0.026704 0.060196 0.208303 0.704797
0.043413 0.080690 0.170524 0.705373
0.055727 0.089507 0.163322 0.691443
0.044254 0.124634 0.180275 0.650837
0.106247 0.060319 0.313784 0.519650
0.016292 0.037986 0.219028 0.726694
0.038538 0.082568 0.154745 0.724149
0.069003 0.080484 0.186347 0.664166
0.027673 0.041739 0.252188 0.678399
0.040926 0.011670 0.171403 0.776001
0.046859 0.033624 0.340915 0.578602
0.018046 0.065948 0.197092 0.718913
0.038256 0.085163 0.151644 0.724937
0.015219 0.106097 0.200365 0.678319
0.052128 0.097445 0.168720 0.681707
0.034116 0.087003 0.114645 0.764236
0.050071 0.079450 0.164040 0.706439
0.034451 0.074063 0.202357 0.689129
0.017457 0.090890 0.192031 0.699621
0.020064 0.030187 0.212448 0.737301
0.033804 0.079473 0.177208 0.709515
0.034895 0.078648 0.193869 0.692588
0.027588 0.078924 0.175885 0.717604
0.028789 0.065015 0.190253 0.715942
0.050195 0.056709 0.154768 0.738328
0.032774 0.087132 0.159053 0.721041
0.039060 0.076606 0.152422 0.731912
0.038827 0.098164 0.162937 0.700072
0.047196 0.063053 0.201834 0.687917
0.829971 0.166197 0.000010 0.003823
0.861498 0.138482 0.000010 0.000010
0.837370 0.148524 0.000010 0.014095
0.860754 0.139226 0.000010 0.000010
0.848020 0.151960 0.000010 0.000010
0.881305 0.118675 0.000010 0.000010
0.851756 0.148224 0.000010 0.000010
0.856547 0.143433 0.000010 0.000010
0.812343 0.162704 0.000010 0.024943
0.853836 0.129357 0.000010 0.016797
0.857784 0.142196 0.000010 0.000010
0.750209 0.129941 0.000010 0.119840
0.757974 0.128719 0.044661 0.068646
0.848549 0.151431 0.000010 0.000010
0.883326 0.116654 0.000010 0.000010
0.882455 0.117525 0.000010 0.000010
0.893280 0.106700 0.000010 0.000010
0.906520 0.093460 0.000010 0.000010
0.857241 0.142739 0.000010 0.000010
0.875769 0.124211 0.000010 0.000010
0.780927 0.139835 0.038134 0.041104
0.843833 0.150054 0.000010 0.006104
0.882295 0.117685 0.000010 0.000010
0.858061 0.141919 0.000010 0.000010
0.794471 0.144786 0.013582 0.047161
0.761077 0.169308 0.039244 0.030371
0.760414 0.184519 0.000293 0.054774
0.858186 0.130836 0.000010 0.010968
0.858938 0.141042 0.000010 0.000010
0.884814 0.115166 0.000010 0.000010
0.820495 0.152093 0.000010 0.027402
0.774946 0.151013 0.040240 0.033801
0.859368 0.140612 0.000010 0.000010
0.905702 0.094278 0.000010 0.000010
0.841272 0.158708 0.000010 0.000010
0.843246 0.119084 0.008458 0.029212
0.865478 0.125082 0.000010 0.009430
0.898238 0.101742 0.000010 0.000010
0.786753 0.191738 0.000010 0.021499
0.813686 0.100070 0.000010 0.086234
0.867379 0.132601 0.000010 0.000010
