0.360589 0.579438 0.059972
0.457882 0.519643 0.022474
0.385895 0.582136 0.031969
0.359233 0.577233 0.063534
0.379684 0.566771 0.053544
0.340291 0.596016 0.063693
0.367137 0.572932 0.059931
0.446739 0.541729 0.011532
0.419865 0.556224 0.023911
0.362684 0.569984 0.067331
0.351285 0.575323 0.073392
0.346921 0.587109 0.065970
0.384532 0.560074 0.055394
0.370112 0.592268 0.037620
0.365944 0.585740 0.048316
0.345290 0.577076 0.077634
0.361296 0.583724 0.054979
0.376149 0.563451 0.060400
0.402551 0.559751 0.037699
0.372420 0.563815 0.063765
0.380072 0.559965 0.059963
0.384704 0.572350 0.042946
0.410012 0.529139 0.060849
0.417747 0.549091 0.033163
0.353630 0.585197 0.061174
0.354080 0.596110 0.049809
0.585414 0.390315 0.024271
0.582582 0.385395 0.032023
0.575374 0.409365 0.015261
0.561673 0.415282 0.023045
0.585928 0.379389 0.034683
0.592608 0.387515 0.019877
0.566453 0.417608 0.015939
0.574751 0.390387 0.034863
0.603110 0.372098 0.024792
0.591432 0.384902 0.023666
0.584177 0.385421 0.030402
0.557646 0.425408 0.016946
0.604948 0.376623 0.018429
0.548388 0.433791 0.017822
0.571051 0.420791 0.008158
0.559199 0.421096 0.019705
0.592486 0.380649 0.026865
0.570868 0.410385 0.018747
0.572168 0.394043 0.033790
0.587385 0.391141 0.021474
0.582226 0.410736 0.007038
0.581292 0.412283 0.006425
0.627163 0.349530 0.023306
0.573177 0.406991 0.019832
0.557058 0.420576 0.022366
0.594329 0.382812 0.022858
0.594551 0.350763 0.054686
0.585685 0.389474 0.024841
0.549175 0.429606 0.021219
0.564726 0.424519 0.010755
0.548353 0.441635 0.010013
0.573219 0.399017 0.027763
0.384915 0.419755 0.195329
0.389870 0.391075 0.219055
0.389596 0.406262 0.204142
0.412065 0.412929 0.175006
0.380054 0.396829 0.223117
0.431314 0.390400 0.178286
0.389319 0.401373 0.209308
0.428301 0.365382 0.206318
0.896902 0.000010 0.103088
0.427286 0.420662 0.152052
0.359163 0.389358 0.251478
0.578419 0.266349 0.155232
0.458396 0.451811 0.089793
0.428162 0.391624 0.180214
0.420216 0.426878 0.152906
0.272445 0.295073 0.432482
0.277057 0.280111 0.442833
0.264506 0.291396 0.444098
0.273021 0.306499 0.420481
0.287655 0.297040 0.415304
0.266827 0.322895 0.410278
0.260911 0.273573 0.465516
0.289896 0.324538 0.385565
0.282428 0.322732 0.394840
0.276922 0.310612 0.412467
0.259751 0.302657 0.437593
0.270719 0.330468 0.398813
0.249271 0.280454 0.470275
0.282689 0.269017 0.448294
0.285123 0.266741 0.448137
0.299772 0.273704 0.426524
0.336442 0.336563 0.326995
0.287213 0.293158 0.419630
0.285855 0.331537 0.382607
0.277088 0.282449 0.440463
0.265544 0.303311 0.431145
0.272232 0.264709 0.463059
0.236130 0.333692 0.430178
0.312044 0.319654 0.368302
0.262415 0.284010 0.453575
0.250047 0.272880 0.477073
0.273357 0.288239 0.438404
0.315459 0.381468 0.303073
0.264284 0.319471 0.416245
0.282395 0.288305 0.429300
0.239799 0.264150 0.496051
0.277287 0.298300 0.424414
0.265344 0.288135 0.446521
0.252364 0.294681 0.452955
0.431602 0.499287 0.069111
0.440366 0.488495 0.071139
0.461294 0.474498 0.064209
0.430054 0.498135 0.071810
0.438817 0.483133 0.078050
0.437293 0.497351 0.065356
0.443636 0.469162 0.087202
0.445964 0.480648 0.073388
0.445947 0.487115 0.066938
0.450698 0.492332 0.056970
0.446467 0.504198 0.049335
0.430197 0.511486 0.058316
0.443354 0.492674 0.063972
0.625127 0.281102 0.093772
0.447350 0.494335 0.058315
0.429850 0.501356 0.068794
0.441401 0.484325 0.074274
0.434047 0.507602 0.058351
0.433573 0.505959 0.060468
0.447287 0.513284 0.039429
0.407925 0.509754 0.082321
0.438329 0.485267 0.076405
0.427458 0.514783 0.057759
0.447527 0.476624 0.075849
0.436786 0.495478 0.067736
0.425432 0.491673 0.082895
0.437419 0.499055 0.063526
0.447767 0.491506 0.060727
0.433731 0.497244 0.069026
0.437191 0.487617 0.075192
0.454870 0.483831 0.061299
0.427558 0.505052 0.067391
0.437192 0.505639 0.057169
0.337912 0.435941 0.226147
0.320311 0.444653 0.235036
0.321240 0.408252 0.270509
0.334787 0.458073 0.207140
0.349758 0.436538 0.213703
0.324482 0.438253 0.237264
0.351051 0.439128 0.209821
0.324922 0.440854 0.234224
0.323060 0.417905 0.259035
0.326006 0.450099 0.223895
0.307089 0.447660 0.245252
0.450336 0.525791 0.023873
0.327557 0.435439 0.237004
0.297343 0.452696 0.249961
0.329653 0.434618 0.235729
0.340174 0.441651 0.218175
0.305129 0.426225 0.268645
0.327969 0.438239 0.233792
0.333189 0.439452 0.227359
0.312281 0.455270 0.232449
0.309504 0.433882 0.256614
0.329910 0.419346 0.250743
0.346850 0.415203 0.237947
0.328668 0.435481 0.235851
0.341416 0.429809 0.228775
0.341234 0.444824 0.213942
0.321531 0.427696 0.250773
0.340983 0.419376 0.239641
0.520114 0.479876 0.000010
0.487897 0.512093 0.000010
0.465584 0.534406 0.000010
0.480178 0.519812 0.000010
0.477679 0.522311 0.000010
0.475428 0.524562 0.000010
0.481622 0.518368 0.000010
0.475039 0.524951 0.000010
0.475683 0.524307 0.000010
0.486810 0.513180 0.000010
0.542795 0.449533 0.007673
0.484350 0.515640 0.000010
0.476319 0.523671 0.000010
0.485883 0.514107 0.000010
0.486754 0.513236 0.000010
0.478171 0.521819 0.000010
0.487747 0.512243 0.000010
0.469233 0.530757 0.000010
0.464947 0.535043 0.000010
0.465518 0.534472 0.000010
0.488862 0.511128 0.000010
0.475543 0.524447 0.000010
0.466520 0.533470 0.000010
0.497949 0.495765 0.006287
0.573092 0.391888 0.035020
0.469703 0.530287 0.000010
0.498696 0.501294 0.000010
0.493704 0.506286 0.000010
0.510975 0.489015 0.000010
0.750508 0.135704 0.113788
0.759364 0.142813 0.097823
0.752609 0.136372 0.111019
0.757697 0.117405 0.124899
0.769925 0.112975 0.117100
0.764243 0.136702 0.099055
0.751102 0.124887 0.124011
0.755233 0.116963 0.127804
0.767793 0.128999 0.103208
0.739621 0.142629 0.117750
0.748430 0.125789 0.125781
0.758251 0.129770 0.111979
0.751593 0.129738 0.118669
0.773315 0.120820 0.105865
0.755910 0.140657 0.103432
0.755312 0.133125 0.111563
0.733553 0.168613 0.097834
0.773091 0.120471 0.106437
0.809858 0.078697 0.111445
0.826142 0.073284 0.100574
0.774661 0.101327 0.124011
0.810797 0.074987 0.114216
0.837903 0.055735 0.106363
0.797945 0.071316 0.130739
0.764853 0.100462 0.134685
0.789764 0.088228 0.122008
0.824556 0.051853 0.123591
0.820066 0.078326 0.101608
0.801008 0.082003 0.116989
0.586164 0.280001 0.133835
0.820772 0.069417 0.109812
0.782245 0.097128 0.120627
0.765078 0.087728 0.147194
0.799624 0.075664 0.124712
0.789435 0.068817 0.141748
0.773512 0.106191 0.120297
0.808563 0.082648 0.108790
0.823053 0.060579 0.116368
0.814824 0.082408 0.102768
0.818241 0.074204 0.107554
0.821853 0.054318 0.123829
0.759659 0.106447 0.133895
0.813851 0.053664 0.132485
0.803438 0.063939 0.132623
0.806352 0.073840 0.119808
0.796502 0.080969 0.122529
0.789543 0.089626 0.120831
0.802369 0.066689 0.130942
0.817839 0.085205 0.096956
0.711177 0.127034 0.161789
0.735450 0.118771 0.145779
0.727310 0.107822 0.164868
0.748170 0.107010 0.144820
0.722971 0.112969 0.164059
0.736376 0.113781 0.149843
0.757914 0.087782 0.154304
0.722775 0.136189 0.141036
0.711300 0.127904 0.160796
0.767489 0.086521 0.145989
0.742240 0.099157 0.158604
0.738778 0.105364 0.155858
0.741192 0.117476 0.141332
0.721090 0.121734 0.157176
0.762342 0.093692 0.143966
0.762337 0.084906 0.152757
0.748448 0.090661 0.160891
0.734078 0.109285 0.156637
0.735474 0.104249 0.160277
0.723595 0.121729 0.154676
0.725724 0.108683 0.165593
0.738728 0.116413 0.144859
0.732146 0.101814 0.166041
0.748348 0.111876 0.139776
0.725617 0.122575 0.151808
0.753333 0.088140 0.158527
0.757837 0.087682 0.154481
0.725267 0.105027 0.169706
0.761670 0.123662 0.114668
0.729661 0.110268 0.160071
0.720148 0.108283 0.171570
0.773506 0.080616 0.145878
0.722194 0.117282 0.160524
0.740373 0.119121 0.140507
0.749866 0.110444 0.139689
0.894229 0.001530 0.104240
0.909813 0.000010 0.090177
0.888676 0.011802 0.099522
0.874701 0.021740 0.103558
0.905102 0.000010 0.094888
0.901929 0.002985 0.095086
0.852369 0.048738 0.098893
0.909448 0.000010 0.090542
0.891323 0.000010 0.108667
0.910660 0.000010 0.089330
0.901915 0.000010 0.098075
0.893780 0.007997 0.098223
0.895539 0.000010 0.104451
0.903940 0.000010 0.096050
0.885573 0.013011 0.101416
0.873591 0.041423 0.084985
0.895468 0.007545 0.096987
0.903580 0.000010 0.096410
0.883605 0.025252 0.091143
0.852446 0.056706 0.090848
0.902208 0.000010 0.097782
0.888397 0.000010 0.111593
0.907162 0.000010 0.092828
0.912988 0.000010 0.087002
0.899379 0.000010 0.100611
0.903671 0.000010 0.096319
0.687918 0.179755 0.132326
0.901179 0.000010 0.098811
0.892695 0.018123 0.089182
0.892992 0.008769 0.098239
0.894529 0.012609 0.092862
0.705879 0.124824 0.169297
0.722697 0.102895 0.174408
0.887891 0.008026 0.104083
0.900025 0.000010 0.099965
0.901160 0.010900 0.087940
0.518619 0.481019 0.000362
0.479471 0.520519 0.000010
0.473272 0.505591 0.021137
0.525412 0.474578 0.000010
0.491163 0.508827 0.000010
0.477794 0.504846 0.017360
0.501944 0.493278 0.004778
0.548304 0.448460 0.003236
0.491189 0.508801 0.000010
0.487088 0.502354 0.010558
0.509679 0.485016 0.005305
0.525557 0.473506 0.000937
0.493925 0.506065 0.000010
0.534136 0.462396 0.003469
0.496759 0.503231 0.000010
0.521018 0.471364 0.007618
0.481585 0.515588 0.002827
0.484976 0.515014 0.000010
0.391338 0.469018 0.139645
0.561351 0.414028 0.024622
0.505773 0.491567 0.002660
0.509499 0.490491 0.000010
0.548221 0.447833 0.003946
0.511660 0.485896 0.002445
0.500696 0.499294 0.000010
0.527008 0.472982 0.000010
0.508444 0.491546 0.000010
0.782387 0.050929 0.166684
0.517985 0.482005 0.000010
0.783950 0.059992 0.156058
0.320521 0.544766 0.134712
0.315696 0.527436 0.156868
0.294182 0.572341 0.133476
0.319015 0.536389 0.144596
0.339611 0.515979 0.144410
0.320979 0.552818 0.126203
0.326275 0.521160 0.152565
0.322084 0.534251 0.143665
0.319659 0.530958 0.149383
0.325008 0.534542 0.140450
0.347209 0.491400 0.161391
0.340007 0.527900 0.132093
0.325269 0.544606 0.130125
0.340591 0.531842 0.127568
0.338679 0.489351 0.171970
0.331742 0.535981 0.132277
0.334667 0.516453 0.148880
0.343045 0.530220 0.126735
0.309114 0.535508 0.155378
0.307107 0.540101 0.152792
0.326014 0.533409 0.140577
0.320040 0.529459 0.150500
0.346242 0.504029 0.149728
0.313991 0.534570 0.151440
0.325509 0.515706 0.158785
0.330328 0.516600 0.153072
0.325868 0.542326 0.131806
0.338073 0.516338 0.145589
0.318878 0.546164 0.134958
0.300957 0.546340 0.152704
0.338485 0.536294 0.125220
0.322850 0.527425 0.149724
0.709931 0.116629 0.173440
0.702651 0.146992 0.150357
0.746740 0.094455 0.158806
0.787450 0.037133 0.175417
0.752883 0.096235 0.150882
0.710099 0.105176 0.184725
0.738150 0.098647 0.163203
0.741337 0.120578 0.138085
0.738514 0.115716 0.145770
0.722788 0.122828 0.154384
0.768310 0.070833 0.160857
0.751022 0.102858 0.146120
0.740839 0.116724 0.142437
0.735188 0.132714 0.132098
0.735454 0.091637 0.172909
0.746857 0.086616 0.166527
0.748427 0.102695 0.148878
0.721855 0.129327 0.148818
0.725817 0.112063 0.162120
0.728115 0.124759 0.147125
0.712789 0.127201 0.160010
0.738664 0.129960 0.131376
0.727877 0.082515 0.189609
0.734349 0.135385 0.130266
0.752786 0.109767 0.137447
0.758670 0.096555 0.144776
0.736060 0.130285 0.133655
0.723089 0.108207 0.168703
0.738325 0.107752 0.153923
0.734984 0.124923 0.140093
0.723541 0.102451 0.174008
0.756516 0.122185 0.121299
0.764588 0.087164 0.148248
0.787359 0.068246 0.144395
0.756780 0.034301 0.208919
0.787714 0.057676 0.154610
0.755522 0.084642 0.159836
0.779449 0.056697 0.163853
0.769352 0.047275 0.183373
0.747917 0.092229 0.159853
0.760043 0.068574 0.171383
0.781265 0.064160 0.154576
0.772658 0.074091 0.153251
0.775485 0.085928 0.138587
0.758390 0.095729 0.145881
0.764070 0.083917 0.152013
0.499098 0.074053 0.426849
0.796651 0.053905 0.149443
0.753390 0.093761 0.152849
0.762169 0.078655 0.159176
0.787642 0.055726 0.156632
0.751306 0.076349 0.172345
0.771620 0.058189 0.170192
0.790309 0.054767 0.154925
0.872147 0.008631 0.119222
0.858593 0.031767 0.109640
0.869270 0.004788 0.125942
0.885313 0.003419 0.111268
0.877614 0.019378 0.103008
0.883358 0.015482 0.101160
0.867009 0.014677 0.118314
0.871077 0.018158 0.110765
0.885999 0.003799 0.110202
0.887956 0.005505 0.106540
0.860501 0.003909 0.135591
0.874371 0.027037 0.098592
0.874295 0.005645 0.120060
0.789134 0.112069 0.098797
0.859106 0.020485 0.120409
0.854464 0.021865 0.123671
0.886560 0.012640 0.100799
0.865210 0.007432 0.127358
0.667585 0.271081 0.061334
0.890891 0.000010 0.109099
0.847204 0.050868 0.101929
0.883074 0.026530 0.090396
0.836778 0.029387 0.133835
0.884266 0.012784 0.102950
0.871485 0.019210 0.109305
0.881317 0.024551 0.094132
0.271684 0.474007 0.254308
0.309174 0.457806 0.233019
0.289759 0.461039 0.249202
0.285249 0.447065 0.267686
0.275095 0.459230 0.265675
0.286094 0.466128 0.247778
0.301233 0.489794 0.208974
0.263334 0.469343 0.267323
0.263891 0.486418 0.249692
0.283571 0.470540 0.245889
0.279773 0.478909 0.241319
0.271019 0.459772 0.269209
0.271344 0.480234 0.248421
0.302412 0.476488 0.221101
0.310713 0.461626 0.227661
0.269057 0.482392 0.248551
0.274073 0.478789 0.247138
0.378074 0.497491 0.124435
0.263778 0.491705 0.244517
0.364991 0.484632 0.150377
0.271976 0.484305 0.243718
0.279062 0.478458 0.242480
0.262661 0.474755 0.262584
0.294177 0.433530 0.272293
0.319775 0.504262 0.175963
0.453257 0.107132 0.439611
0.374559 0.104690 0.520751
0.407908 0.110792 0.481300
0.415020 0.134455 0.450525
0.455324 0.116878 0.427798
0.435607 0.087536 0.476858
0.399509 0.107680 0.492811
0.424982 0.125322 0.449696
0.429465 0.279989 0.290546
0.419243 0.253024 0.327734
0.405971 0.114638 0.479391
0.494394 0.101657 0.403949
0.448201 0.112317 0.439482
0.389785 0.101926 0.508289
0.408829 0.210129 0.381042
0.388369 0.111495 0.500136
0.378200 0.134478 0.487322
0.389725 0.113063 0.497211
0.430147 0.105337 0.464516
0.432781 0.119119 0.448100
0.431877 0.114709 0.453414
0.407137 0.086904 0.505959
0.434922 0.100623 0.464454
0.404310 0.093301 0.502390
0.431513 0.095893 0.472594
0.423111 0.086874 0.490015
0.429748 0.102164 0.468088
0.371673 0.113705 0.514623
0.415024 0.125409 0.459567
0.415598 0.125827 0.458576
0.373103 0.099307 0.527590
0.411230 0.101707 0.487063
0.436709 0.124730 0.438561
0.405074 0.120789 0.474137
0.369376 0.277686 0.352937
0.457448 0.098950 0.443602
0.418826 0.084635 0.496539
0.399905 0.152478 0.447617
0.205961 0.079480 0.714558
0.411170 0.393468 0.195363
0.373265 0.409578 0.217157
0.411668 0.407017 0.181315
0.418608 0.403485 0.177907
0.411642 0.372928 0.215430
0.384123 0.401756 0.214121
0.402924 0.393549 0.203527
0.390392 0.364933 0.244675
0.355021 0.402654 0.242325
0.443075 0.382379 0.174546
0.366532 0.415658 0.217810
0.379513 0.409039 0.211448
0.386244 0.374118 0.239638
0.410662 0.393910 0.195428
0.380222 0.389644 0.230134
0.396734 0.390380 0.212886
0.454160 0.419045 0.126795
0.375078 0.390966 0.233956
0.400868 0.399509 0.199622
0.000010 0.298077 0.701913
0.205706 0.425432 0.368862
0.000010 0.356585 0.643405
0.000010 0.262464 0.737526
0.000010 0.219178 0.780812
0.241704 0.450304 0.307992
0.000010 0.346790 0.653200
0.000010 0.299132 0.700858
0.000010 0.304283 0.695707
0.000010 0.384666 0.615324
0.198290 0.383427 0.418283
0.000010 0.292863 0.707127
0.000010 0.323012 0.676978
0.000010 0.324020 0.675970
0.000010 0.347458 0.652532
0.000010 0.322027 0.677963
0.232422 0.432375 0.335202
0.000010 0.340218 0.659772
0.000010 0.284693 0.715297
0.000010 0.291145 0.708845
0.002212 0.364799 0.632989
0.000010 0.210589 0.789401
0.000010 0.320093 0.679897
0.000010 0.290747 0.709243
0.000010 0.360694 0.639296
0.000010 0.300658 0.699332
0.000010 0.326246 0.673744
0.182102 0.437056 0.380842
0.000010 0.341511 0.658479
0.000010 0.302081 0.697909
0.000010 0.295840 0.704150
0.174751 0.070044 0.755205
0.216624 0.047832 0.735545
0.215364 0.061757 0.722880
0.246989 0.086976 0.666036
0.189093 0.078051 0.732856
0.237702 0.083342 0.678955
0.203120 0.068954 0.727927
0.233333 0.146405 0.620263
0.249820 0.078946 0.671234
0.264672 0.142006 0.593322
0.191758 0.088254 0.719988
0.211967 0.077569 0.710463
0.189499 0.082780 0.727720
0.166907 0.058206 0.774886
0.189981 0.053805 0.756214
0.184319 0.091077 0.724604
0.236404 0.070443 0.693154
0.203127 0.068856 0.728017
0.472660 0.519848 0.007492
0.459564 0.518263 0.022173
0.000010 0.345363 0.654627
0.010593 0.452176 0.537231
0.000010 0.387197 0.612793
0.000010 0.468772 0.531218
0.265538 0.089261 0.645201
0.240101 0.080546 0.679353
0.201638 0.053975 0.744387
0.174382 0.084190 0.741428
0.000010 0.422113 0.577877
0.036831 0.433287 0.529882
0.069769 0.094224 0.836006
0.108615 0.105815 0.785571
0.079921 0.054112 0.865967
0.056338 0.061260 0.882402
0.076828 0.051066 0.872106
0.059276 0.100272 0.840452
0.046879 0.078476 0.874645
0.027305 0.072241 0.900454
0.046665 0.065408 0.887927
0.037305 0.088871 0.873825
0.070883 0.068835 0.860282
0.052954 0.078335 0.868711
0.038892 0.074600 0.886509
0.062259 0.062142 0.875598
0.063156 0.066991 0.869854
0.074858 0.048695 0.876447
0.037193 0.072815 0.889991
0.049400 0.087783 0.862817
0.228682 0.269572 0.501746
0.080283 0.065632 0.854085
0.062708 0.070621 0.866671
0.052110 0.069044 0.878847
0.045361 0.077084 0.877556
0.057392 0.090912 0.851696
0.059685 0.067062 0.873253
0.062794 0.033403 0.903803
0.056977 0.063143 0.879880
0.058524 0.080080 0.861396
0.038990 0.079810 0.881200
0.043066 0.083091 0.873843
0.047131 0.097471 0.855398
0.048446 0.068455 0.883100
0.051930 0.064365 0.883705
0.030132 0.460414 0.509454
0.006487 0.430188 0.563325
0.011394 0.470662 0.517944
0.014305 0.450861 0.534834
0.000010 0.475996 0.523994
0.000010 0.394873 0.605117
0.015602 0.451601 0.532797
0.025866 0.428545 0.545589
0.019607 0.457742 0.522650
0.000010 0.481644 0.518346
0.035854 0.455671 0.508475
0.000010 0.445307 0.554683
0.010314 0.463557 0.526129
0.025407 0.453859 0.520734
0.005042 0.407247 0.587711
0.000010 0.460950 0.539040
0.000010 0.460053 0.539937
0.009164 0.456049 0.534787
0.016354 0.467796 0.515850
0.031797 0.456110 0.512092
0.203110 0.475430 0.321460
0.146147 0.486319 0.367533
0.024975 0.447876 0.527149
0.054632 0.050612 0.894756
0.079711 0.060295 0.859994
0.060621 0.089777 0.849602
0.058987 0.062870 0.878144
0.090607 0.077507 0.831885
0.069509 0.088990 0.841502
0.045624 0.073133 0.881243
0.058922 0.051849 0.889229
0.068129 0.113037 0.818834
0.077840 0.075553 0.846606
0.055309 0.048851 0.895841
0.054070 0.012600 0.933329
0.147940 0.128496 0.723564
0.068753 0.007011 0.924236
0.059046 0.012490 0.928465
0.073282 0.000010 0.926708
0.072304 0.017941 0.909756
0.134879 0.042983 0.822137
0.059459 0.009691 0.930851
0.059336 0.003695 0.936969
0.051404 0.009909 0.938687
0.051232 0.029425 0.919343
0.081556 0.000010 0.918434
0.282085 0.264339 0.453576
0.062784 0.000010 0.937206
0.050600 0.010975 0.938425
0.070990 0.004143 0.924867
0.198536 0.174891 0.626573
0.195600 0.043700 0.760700
0.073195 0.013157 0.913647
0.064314 0.006695 0.928990
0.053236 0.029650 0.917114
0.054725 0.000010 0.945265
0.049779 0.029700 0.920520
0.220956 0.286869 0.492175
0.047325 0.016454 0.936221
0.045839 0.008681 0.945481
0.053984 0.015306 0.930710
0.063923 0.000010 0.936067
0.062261 0.000010 0.937729
0.068976 0.010649 0.920375
0.062617 0.005402 0.931982
0.068952 0.009083 0.921965
0.044870 0.016129 0.939001
0.067144 0.006442 0.926413
0.051158 0.019585 0.929257
0.163872 0.114964 0.721164
0.046886 0.017291 0.935823
0.097223 0.058151 0.844626
0.082986 0.032268 0.884746
0.082376 0.008674 0.908950
0.061972 0.000010 0.938018
0.068051 0.000010 0.931939
0.074758 0.010571 0.914671
0.053244 0.032951 0.913805
0.004339 0.000010 0.995651
0.002281 0.000010 0.997709
0.007944 0.000010 0.992046
0.007705 0.000010 0.992285
0.006618 0.000010 0.993372
0.011292 0.000010 0.988698
0.003073 0.000010 0.996917
0.014893 0.000010 0.985097
0.015745 0.000010 0.984245
0.014685 0.000010 0.985305
0.010130 0.000010 0.989860
0.004935 0.000010 0.995055
0.026371 0.000010 0.973619
0.252455 0.107050 0.640495
0.237620 0.126103 0.636277
0.236442 0.085063 0.678495
0.253984 0.112442 0.633574
0.278106 0.091732 0.630161
0.265536 0.099231 0.635233
0.235119 0.077629 0.687252
0.226333 0.108836 0.664831
0.233893 0.099632 0.666475
0.234199 0.091879 0.673921
0.254892 0.057966 0.687142
0.354176 0.130715 0.515109
0.247499 0.113624 0.638877
0.236770 0.116531 0.646699
0.229170 0.110456 0.660374
0.201484 0.068374 0.730142
0.243670 0.121537 0.634793
0.243007 0.091593 0.665400
0.250864 0.108642 0.640493
0.315288 0.122570 0.562143
0.257469 0.111493 0.631038
0.250232 0.097005 0.652764
0.263769 0.102252 0.633979
0.215350 0.103145 0.681505
0.255567 0.095321 0.649112
0.230410 0.116030 0.653561
0.250697 0.096007 0.653296
0.235195 0.099202 0.665603
0.252664 0.130511 0.616824
0.234137 0.092095 0.673768
0.260642 0.135698 0.603660
0.218922 0.080021 0.701057
0.253802 0.087119 0.659079
0.330782 0.333663 0.335555
0.254006 0.100153 0.645841
0.256050 0.097193 0.646757
0.239229 0.118422 0.642350
0.257500 0.098047 0.644452
0.252085 0.097074 0.650841
0.239348 0.095944 0.664708
0.179087 0.045703 0.775210
0.243227 0.101772 0.655002
0.246388 0.108746 0.644865
0.263069 0.112974 0.623957
0.259325 0.113385 0.627290
0.198665 0.089169 0.712166
0.209602 0.072589 0.717809
0.220756 0.087227 0.692016
0.201687 0.097113 0.701199
0.461021 0.517747 0.021232
0.479274 0.510522 0.010203
0.433948 0.517000 0.049052
0.510429 0.489561 0.000010
0.471857 0.519859 0.008284
0.412511 0.514140 0.073349
0.295195 0.225326 0.479480
0.397830 0.515867 0.086304
0.465536 0.518117 0.016347
0.447376 0.526514 0.026110
0.428126 0.507035 0.064838
0.462642 0.535505 0.001853
0.273856 0.284513 0.441631
0.436320 0.524747 0.038933
0.424434 0.502668 0.072898
0.411479 0.502372 0.086148
0.532491 0.467499 0.000010
0.458365 0.510637 0.030998
0.431329 0.515686 0.052985
0.443372 0.528700 0.027928
0.537232 0.365441 0.097326
0.483511 0.498994 0.017495
0.446421 0.514580 0.039000
0.322148 0.438623 0.239229
0.413470 0.523541 0.062989
0.457844 0.512754 0.029403
0.452825 0.547165 0.000010
0.305366 0.438757 0.255876
0.478098 0.521892 0.000010
0.456474 0.505829 0.037697
0.430200 0.512372 0.057428
0.468071 0.501691 0.030238
0.445625 0.488925 0.065450
0.388037 0.525745 0.086218
0.337341 0.441303 0.221356
0.391116 0.530392 0.078493
0.438929 0.463872 0.097199
0.453575 0.518285 0.028141
0.396022 0.551109 0.052869
0.400583 0.525100 0.074318
0.413088 0.513732 0.073180
0.391984 0.527413 0.080603
0.385445 0.556370 0.058185
0.407664 0.519682 0.072655
0.397232 0.515635 0.087133
0.395331 0.527937 0.076732
0.449706 0.540089 0.010204
0.427147 0.533610 0.039243
0.436369 0.522334 0.041297
0.401352 0.529668 0.068979
0.388339 0.524081 0.087580
0.384763 0.511572 0.103665
0.474849 0.381951 0.143199
0.458389 0.525985 0.015627
0.392397 0.545319 0.062284
0.402440 0.498838 0.098722
0.471666 0.493131 0.035203
0.435181 0.548838 0.015981
0.522014 0.414145 0.063841
0.434309 0.530770 0.034921
0.392565 0.543279 0.064157
0.416607 0.521610 0.061783
0.388491 0.521328 0.090181
0.369381 0.575816 0.054803
0.394393 0.531941 0.073666
0.425441 0.515298 0.059261
0.419554 0.528554 0.051892
0.459174 0.526998 0.013828
0.409992 0.531175 0.058832
0.416959 0.521553 0.061488
0.410693 0.537506 0.051801
0.422766 0.533126 0.044109
0.399814 0.544310 0.055876
0.397242 0.541952 0.060806
0.393900 0.547774 0.058326
0.390158 0.534513 0.075329
0.427492 0.507691 0.064817
0.012213 0.036390 0.951396
0.008579 0.017712 0.973709
0.018456 0.033891 0.947653
0.003319 0.025635 0.971045
0.012818 0.025882 0.961299
0.011685 0.000010 0.988305
0.005665 0.033575 0.960759
0.000010 0.019704 0.980286
0.014099 0.055718 0.930184
0.016789 0.035249 0.947963
0.000010 0.031424 0.968566
0.058160 0.102803 0.839037
0.085734 0.059705 0.854561
0.013945 0.015040 0.971015
0.000010 0.007528 0.992462
0.012236 0.005172 0.982592
0.000010 0.002687 0.997303
0.004371 0.000010 0.995619
0.020603 0.004833 0.974565
0.006852 0.021951 0.971196
0.068771 0.043982 0.887248
0.017985 0.027153 0.954862
0.001287 0.015560 0.983153
0.009125 0.011744 0.979131
0.049339 0.050645 0.900016
0.062846 0.050130 0.887025
0.033586 0.073261 0.893153
0.017293 0.027571 0.955136
0.000010 0.008146 0.991844
0.004466 0.005787 0.989747
0.014925 0.053470 0.931605
0.067130 0.045172 0.887698
0.000010 0.027168 0.972822
0.000010 0.000010 0.999980
0.000010 0.009374 0.990616
0.037445 0.031029 0.931526
0.021085 0.019993 0.958922
0.000010 0.020810 0.979180
0.020558 0.053362 0.926080
0.042641 0.074513 0.882847
0.000010 0.014540 0.985450
