0.008093 0.005063 0.028685 0.121975 0.049607 0.786578
0.110418 0.016747 0.000010 0.058942 0.044119 0.769764
0.023925 0.001319 0.010112 0.130835 0.032987 0.800822
0.000739 0.009079 0.032296 0.102524 0.059569 0.795792
0.035651 0.001742 0.038894 0.124870 0.034300 0.764543
0.000010 0.037043 0.037573 0.128428 0.012382 0.784564
0.005391 0.015158 0.020756 0.116206 0.049171 0.793319
0.086723 0.014963 0.021682 0.041532 0.034001 0.801100
0.074445 0.009216 0.034337 0.099460 0.010115 0.772427
0.008642 0.014531 0.038343 0.096316 0.055440 0.786728
0.000010 0.043681 0.024151 0.138410 0.018465 0.775284
0.000010 0.011925 0.054973 0.125918 0.028563 0.778611
0.032747 0.017745 0.024786 0.106429 0.040096 0.778197
0.000010 0.018870 0.014509 0.119092 0.028140 0.819380
0.007650 0.014613 0.051303 0.101467 0.024975 0.799993
0.000010 0.008642 0.018490 0.116907 0.075132 0.780820
0.008650 0.019562 0.016882 0.150446 0.022622 0.781838
0.012367 0.049129 0.025569 0.099234 0.020373 0.793329
0.054630 0.000010 0.033180 0.093323 0.040768 0.778090
0.025149 0.035791 0.039735 0.110450 0.018465 0.770409
0.029827 0.030683 0.007952 0.127666 0.032234 0.771638
0.046450 0.000010 0.031569 0.139666 0.021237 0.761068
0.079193 0.000010 0.005828 0.112703 0.066396 0.735870
0.077654 0.004116 0.028594 0.110143 0.021018 0.758475
0.000010 0.009764 0.017681 0.113104 0.061151 0.798290
0.002291 0.000010 0.039383 0.133078 0.035341 0.789897
0.320630 0.036133 0.000010 0.018162 0.014617 0.610448
0.317426 0.030408 0.021951 0.000010 0.023516 0.606688
0.308587 0.031557 0.002896 0.038529 0.000010 0.618420
0.277440 0.000010 0.015584 0.000010 0.057072 0.649885
0.343444 0.018182 0.006773 0.038804 0.022655 0.570142
0.332905 0.032030 0.002776 0.032048 0.003480 0.596761
0.292828 0.020925 0.038517 0.002150 0.008302 0.637279
0.305208 0.038636 0.019396 0.000010 0.020458 0.616292
0.354597 0.021606 0.011162 0.010056 0.021562 0.581016
0.331160 0.008279 0.027052 0.000010 0.031195 0.602304
0.330580 0.037001 0.013551 0.020696 0.007320 0.590852
0.276283 0.006885 0.012839 0.023993 0.032800 0.647199
0.354251 0.000010 0.001873 0.009033 0.045949 0.588884
0.251837 0.033076 0.029911 0.000461 0.011465 0.673250
0.285913 0.015461 0.033441 0.000010 0.012951 0.652223
0.278616 0.011696 0.008868 0.017961 0.036630 0.646228
0.336683 0.003822 0.022506 0.000010 0.041509 0.595470
0.294565 0.027884 0.001044 0.021933 0.019404 0.635170
0.308084 0.040631 0.043467 0.000010 0.000010 0.607799
0.323769 0.029607 0.012237 0.006316 0.016507 0.611564
0.304958 0.014272 0.015722 0.014931 0.014803 0.635314
0.307355 0.011857 0.010679 0.013829 0.019597 0.636683
0.393898 0.028740 0.008895 0.001337 0.013551 0.553579
0.302921 0.006165 0.019163 0.002566 0.039781 0.629405
0.279143 0.000010 0.043878 0.000010 0.035618 0.641341
0.330998 0.023436 0.015215 0.000010 0.024318 0.606022
0.349258 0.065366 0.015030 0.000010 0.008792 0.561543
0.327002 0.019675 0.020290 0.011861 0.020860 0.600312
0.259182 0.003830 0.009305 0.006740 0.054992 0.665950
0.274372 0.000010 0.016999 0.000010 0.045531 0.663079
0.260443 0.000010 0.028826 0.019346 0.027001 0.664373
0.306599 0.005118 0.023775 0.000010 0.045181 0.619316
0.153811 0.114766 0.044735 0.158041 0.007957 0.520690
0.162702 0.105030 0.025479 0.136045 0.064941 0.505804
0.167067 0.067106 0.027080 0.167596 0.068538 0.502612
0.164514 0.098755 0.000010 0.149897 0.040712 0.546113
0.154670 0.115948 0.028275 0.169528 0.036181 0.495397
0.190646 0.091266 0.032471 0.088215 0.058872 0.538531
0.174083 0.088821 0.033368 0.180039 0.038461 0.485229
0.209786 0.125285 0.014377 0.118285 0.043435 0.488833
0.957706 0.000010 0.004054 0.019116 0.019104 0.000010
0.182005 0.075334 0.032922 0.119977 0.033725 0.556036
0.148102 0.131312 0.014726 0.204294 0.037918 0.463648
0.418273 0.102702 0.027957 0.050180 0.014290 0.386598
0.161663 0.060725 0.012110 0.072457 0.036294 0.656751
0.199669 0.101406 0.030994 0.129718 0.026103 0.512110
0.146157 0.117559 0.030987 0.080755 0.021980 0.602562
0.138498 0.265587 0.060327 0.235962 0.019335 0.280291
0.143100 0.249909 0.050825 0.211318 0.065435 0.279412
0.139101 0.238400 0.069668 0.241583 0.046440 0.264806
0.129222 0.219114 0.033773 0.246990 0.068912 0.301989
0.150147 0.232830 0.043048 0.243838 0.042456 0.287680
0.130876 0.183036 0.046624 0.275650 0.070546 0.293268
0.132313 0.265776 0.021586 0.248536 0.070890 0.260899
0.121153 0.213942 0.033920 0.224431 0.056051 0.350501
0.132394 0.193390 0.058456 0.224241 0.066839 0.324681
0.122236 0.250923 0.052158 0.217427 0.034852 0.322405
0.133360 0.229115 0.052988 0.267203 0.048835 0.268500
0.113660 0.227027 0.062481 0.231506 0.032146 0.333180
0.112888 0.280068 0.064308 0.200989 0.060899 0.280847
0.170058 0.240565 0.067157 0.230617 0.051557 0.240046
0.164231 0.246662 0.052582 0.229577 0.056815 0.250133
0.178809 0.235032 0.050781 0.225801 0.050878 0.258699
0.164173 0.158304 0.009715 0.218455 0.073643 0.375710
0.167392 0.192818 0.038000 0.264217 0.075520 0.262053
0.135484 0.183472 0.045252 0.248138 0.060987 0.326666
0.145948 0.243016 0.029898 0.248095 0.063179 0.269864
0.129950 0.245650 0.041753 0.268824 0.033214 0.280608
0.162216 0.250433 0.041439 0.260876 0.056943 0.228093
0.085589 0.249750 0.049644 0.263144 0.034489 0.317384
0.156637 0.230741 0.055665 0.210215 0.011648 0.335094
0.138796 0.255435 0.025769 0.275266 0.051437 0.253296
0.119948 0.269175 0.034773 0.235554 0.078887 0.261662
0.140329 0.270778 0.063883 0.232514 0.017747 0.274748
0.118362 0.137361 0.030617 0.209946 0.070139 0.433575
0.115782 0.213042 0.026825 0.261346 0.070168 0.312837
0.157730 0.222942 0.059233 0.232859 0.059474 0.267762
0.119972 0.269762 0.026555 0.273771 0.076517 0.233423
0.132227 0.237159 0.074537 0.191063 0.057958 0.307057
0.136091 0.248894 0.040696 0.254329 0.053325 0.266665
0.106365 0.274620 0.027230 0.240495 0.056313 0.294977
0.120838 0.032172 0.054648 0.067973 0.024603 0.699766
0.127512 0.053174 0.019401 0.089872 0.016568 0.693473
0.167957 0.026524 0.014797 0.098675 0.029598 0.662450
0.100173 0.058076 0.035936 0.050626 0.027987 0.727201
0.128201 0.042086 0.024789 0.055997 0.050897 0.698030
0.123666 0.037563 0.054337 0.056355 0.022201 0.705877
0.160258 0.019049 0.026771 0.095820 0.053082 0.645020
0.143746 0.043264 0.030079 0.082851 0.023032 0.677028
0.137118 0.023052 0.027804 0.060925 0.053283 0.697819
0.135162 0.034304 0.041145 0.050270 0.029529 0.709590
0.114692 0.041237 0.006797 0.073211 0.030206 0.733858
0.107904 0.041952 0.025417 0.091807 0.014299 0.718620
0.128844 0.004881 0.035748 0.055110 0.067588 0.707828
0.461523 0.052764 0.028576 0.047948 0.001774 0.407414
0.131461 0.042479 0.030345 0.069334 0.019602 0.706778
0.112954 0.052079 0.044307 0.075631 0.009006 0.706022
0.133610 0.037575 0.015587 0.079597 0.044123 0.689508
0.116834 0.018165 0.025708 0.095949 0.034323 0.709022
0.111545 0.031681 0.042125 0.068449 0.027445 0.718755
0.130614 0.000010 0.037645 0.076957 0.036844 0.717930
0.087157 0.047438 0.035006 0.098523 0.023429 0.708446
0.125327 0.070124 0.030058 0.059205 0.015829 0.699456
0.106934 0.047479 0.041568 0.078939 0.004536 0.720545
0.145605 0.032501 0.043025 0.061466 0.038797 0.678605
0.125752 0.039372 0.000010 0.095501 0.040424 0.698941
0.117158 0.072520 0.038516 0.084332 0.000010 0.687464
0.132879 0.010993 0.026010 0.108370 0.036533 0.685216
0.131338 0.035262 0.021651 0.079325 0.029233 0.703191
0.137011 0.022509 0.031893 0.118200 0.019301 0.671086
0.131765 0.033290 0.058369 0.056427 0.031749 0.688400
0.151835 0.054731 0.033147 0.077729 0.000010 0.682547
0.102376 0.039682 0.026543 0.064190 0.041596 0.725613
0.116127 0.026595 0.038052 0.060980 0.036490 0.721756
0.123729 0.060325 0.049410 0.228777 0.050596 0.487162
0.098314 0.077754 0.026085 0.268413 0.038477 0.490958
0.110824 0.124300 0.021447 0.245280 0.039439 0.458710
0.086421 0.087095 0.020180 0.211846 0.043978 0.550481
0.116169 0.101705 0.024312 0.218659 0.022488 0.516668
0.108705 0.050724 0.048291 0.221442 0.078786 0.492051
0.124667 0.055883 0.043029 0.195098 0.065484 0.515840
0.105994 0.064168 0.019014 0.259774 0.061781 0.489269
0.113546 0.090915 0.018795 0.252078 0.061183 0.463483
0.090300 0.078132 0.048948 0.209449 0.048367 0.524804
0.078431 0.077737 0.023391 0.248548 0.065661 0.506233
0.106497 0.024801 0.016633 0.069099 0.019168 0.763803
0.109479 0.090625 0.021322 0.250079 0.041373 0.487121
0.079918 0.056862 0.030616 0.275417 0.070470 0.486718
0.097156 0.074342 0.017514 0.207230 0.086208 0.517550
0.117556 0.073231 0.044308 0.219335 0.041485 0.504085
0.096319 0.087769 0.047914 0.239530 0.061962 0.466506
0.107832 0.078632 0.047646 0.218641 0.050162 0.497086
0.109860 0.083114 0.046423 0.230258 0.032271 0.498075
0.075775 0.063846 0.051803 0.207270 0.072604 0.528703
0.091499 0.073223 0.023647 0.255362 0.074336 0.481933
0.130336 0.055358 0.031070 0.241390 0.084233 0.457613
0.138167 0.089628 0.009211 0.255704 0.042744 0.464546
0.114221 0.041725 0.033323 0.231187 0.091776 0.487768
0.120023 0.066720 0.023016 0.231104 0.064671 0.494465
0.104588 0.055910 0.034493 0.193774 0.079284 0.531952
0.109107 0.074223 0.042424 0.234319 0.062959 0.476968
0.131672 0.060802 0.024588 0.240352 0.072427 0.470158
0.198696 0.021964 0.000010 0.047650 0.000010 0.731669
0.131856 0.033240 0.016969 0.018348 0.000010 0.799576
0.110612 0.000010 0.024266 0.049859 0.005668 0.809585
0.126840 0.024921 0.046802 0.004193 0.000010 0.797234
0.123764 0.011426 0.009485 0.027856 0.033214 0.794256
0.127470 0.000010 0.017403 0.046521 0.017277 0.791318
0.124557 0.014055 0.006246 0.034688 0.009301 0.811152
0.117740 0.000010 0.027701 0.000010 0.043610 0.810929
0.123022 0.012980 0.028501 0.014289 0.024813 0.796395
0.132731 0.000010 0.008392 0.009698 0.057432 0.791737
0.229174 0.041934 0.026695 0.000010 0.000010 0.702176
0.140580 0.020688 0.019479 0.042293 0.002244 0.774715
0.118811 0.000010 0.003652 0.036785 0.015765 0.824976
0.136710 0.018198 0.018216 0.014258 0.021541 0.791076
0.145784 0.012547 0.022379 0.034118 0.002366 0.782806
0.119343 0.000010 0.018528 0.012681 0.041348 0.808089
0.145509 0.002246 0.015306 0.040495 0.026036 0.770408
0.121076 0.000085 0.040735 0.026194 0.010550 0.801360
0.104089 0.000010 0.000010 0.042451 0.032596 0.820844
0.102425 0.000010 0.047727 0.003895 0.022445 0.823498
0.142208 0.033985 0.025490 0.019492 0.000010 0.778815
0.117272 0.002422 0.001206 0.030433 0.038414 0.810252
0.106632 0.007143 0.014498 0.026965 0.033589 0.811173
0.166328 0.000010 0.007203 0.046374 0.038223 0.741862
0.304181 0.040243 0.021601 0.000010 0.019185 0.614780
0.115169 0.008776 0.040458 0.011236 0.013515 0.810846
0.161375 0.001697 0.023561 0.007157 0.028050 0.778161
0.155053 0.020337 0.014417 0.045944 0.008159 0.756091
0.176653 0.000010 0.006386 0.020812 0.042845 0.753295
0.715334 0.028275 0.021459 0.066976 0.000010 0.167946
0.712471 0.019706 0.026838 0.049081 0.000010 0.191895
0.715258 0.024256 0.015720 0.073026 0.000010 0.171731
0.718503 0.053113 0.013754 0.050415 0.000010 0.164205
0.733034 0.033068 0.024956 0.019451 0.018854 0.170638
0.724221 0.000010 0.032556 0.045511 0.015828 0.181874
0.708840 0.050088 0.003977 0.057131 0.005651 0.174312
0.727888 0.039558 0.014501 0.070261 0.000652 0.147139
0.722998 0.008394 0.021760 0.027316 0.029903 0.189629
0.703126 0.014199 0.021260 0.074311 0.014416 0.172688
0.720290 0.013745 0.033473 0.054189 0.022341 0.155961
0.703415 0.034793 0.003007 0.026138 0.029482 0.203166
0.722720 0.025574 0.013723 0.084928 0.000010 0.153046
0.737638 0.040212 0.008388 0.045162 0.000010 0.168590
0.707558 0.026092 0.016415 0.057409 0.000426 0.192101
0.722321 0.013640 0.035701 0.064075 0.000010 0.164253
0.661544 0.033995 0.018755 0.049534 0.000010 0.236162
0.742237 0.023740 0.023752 0.051021 0.000010 0.159240
0.804573 0.016665 0.025704 0.025960 0.012756 0.114343
0.820261 0.002486 0.007182 0.020503 0.033081 0.116487
0.749427 0.024132 0.029764 0.018135 0.028876 0.149665
0.821972 0.000126 0.049357 0.034381 0.007535 0.086629
0.841534 0.004910 0.009080 0.007013 0.037741 0.099720
0.798252 0.018744 0.030787 0.026201 0.025900 0.100117
0.742494 0.007843 0.030669 0.017122 0.056031 0.145841
0.786964 0.000010 0.040881 0.028505 0.032214 0.111426
0.832769 0.017158 0.023682 0.009966 0.030036 0.086389
0.824447 0.000010 0.022854 0.042057 0.012918 0.097714
0.784507 0.034377 0.009462 0.028373 0.014227 0.129055
0.425931 0.071966 0.030193 0.058323 0.018410 0.395177
0.822891 0.004993 0.002917 0.041181 0.028343 0.099675
0.759699 0.018563 0.005495 0.037175 0.036067 0.143000
0.748205 0.046757 0.041341 0.010594 0.022718 0.130386
0.791813 0.026079 0.003065 0.045518 0.023302 0.110224
0.790229 0.006827 0.021795 0.029880 0.054035 0.097235
0.739327 0.029043 0.017677 0.015912 0.032125 0.165916
0.802116 0.009066 0.009536 0.042641 0.021069 0.115573
0.825265 0.005085 0.000451 0.038291 0.036710 0.094196
0.805113 0.010743 0.019806 0.024066 0.016397 0.123875
0.814070 0.029889 0.018353 0.028400 0.000010 0.109278
0.838733 0.000010 0.018096 0.036089 0.035750 0.071321
0.727876 0.042029 0.014637 0.046408 0.016316 0.152733
0.830613 0.008125 0.026487 0.021633 0.038935 0.074208
0.802066 0.051143 0.027567 0.017184 0.002440 0.099600
0.811878 0.015412 0.039952 0.028013 0.009639 0.095106
0.787836 0.042291 0.015786 0.041262 0.000010 0.112814
0.790757 0.000010 0.043582 0.035514 0.023751 0.106386
0.808452 0.019567 0.027617 0.030411 0.024175 0.089779
0.801239 0.007350 0.030453 0.000010 0.021028 0.139920
0.667082 0.065038 0.036969 0.046528 0.012223 0.172160
0.702369 0.058752 0.038186 0.044449 0.000010 0.156234
0.686736 0.044906 0.000010 0.039834 0.064230 0.164284
0.714789 0.050818 0.022718 0.031178 0.023560 0.156938
0.683639 0.072789 0.019233 0.041644 0.020419 0.162276
0.690289 0.055077 0.000010 0.040064 0.040148 0.174411
0.730185 0.088446 0.002615 0.040206 0.001188 0.137360
0.681924 0.032369 0.045034 0.042724 0.021445 0.176504
0.660239 0.076203 0.010605 0.050419 0.019122 0.183412
0.740803 0.049153 0.004705 0.025078 0.038855 0.141407
0.716832 0.046300 0.005462 0.055822 0.038920 0.136664
0.700056 0.064602 0.027909 0.018789 0.025818 0.162826
0.689440 0.076950 0.025534 0.011035 0.008191 0.188850
0.676929 0.048867 0.000010 0.050400 0.049893 0.173899
0.732264 0.059115 0.028060 0.013813 0.017411 0.149336
0.730461 0.082156 0.015492 0.014097 0.011953 0.145842
0.727597 0.062936 0.007974 0.046734 0.026325 0.128434
0.695445 0.057473 0.016407 0.025652 0.039471 0.165552
0.695351 0.074557 0.000010 0.041184 0.027670 0.161228
0.665900 0.073514 0.014316 0.024409 0.027713 0.194148
0.691133 0.085951 0.025302 0.047684 0.000010 0.149920
0.700810 0.046307 0.031208 0.025477 0.027659 0.168539
0.698698 0.065411 0.037469 0.011408 0.032082 0.154932
0.727184 0.016596 0.025046 0.052941 0.037634 0.140599
0.683541 0.057261 0.042906 0.027508 0.015822 0.172962
0.727160 0.057467 0.000361 0.034012 0.042504 0.138497
0.746676 0.042926 0.025002 0.043328 0.026748 0.115319
0.686149 0.060628 0.000010 0.041294 0.052315 0.159604
0.711992 0.028669 0.021242 0.007239 0.034032 0.196826
0.710511 0.026598 0.035355 0.052032 0.042262 0.133241
0.681058 0.039353 0.006042 0.027146 0.080361 0.166039
0.752629 0.069452 0.010344 0.033832 0.006070 0.127672
0.672965 0.064089 0.000010 0.036959 0.045437 0.180540
0.702531 0.037240 0.020827 0.043763 0.029571 0.166069
0.709909 0.043647 0.031651 0.014525 0.029882 0.170386
0.936739 0.009174 0.006231 0.009850 0.015708 0.022298
0.955156 0.003127 0.000434 0.000010 0.017251 0.024023
0.925005 0.000010 0.000010 0.015883 0.025084 0.034009
0.905183 0.009440 0.000010 0.020920 0.019098 0.045349
0.960296 0.000010 0.000010 0.039268 0.000406 0.000010
0.944707 0.000010 0.000010 0.004684 0.027875 0.022714
0.871360 0.005606 0.017920 0.022371 0.010310 0.072433
0.968890 0.004400 0.000922 0.002400 0.014579 0.008809
0.955127 0.014215 0.010360 0.000010 0.020277 0.000010
0.975495 0.000636 0.016884 0.000010 0.006966 0.000010
0.954075 0.020101 0.000010 0.019771 0.000010 0.006032
0.915511 0.021573 0.000010 0.000010 0.012005 0.050891
0.945634 0.004681 0.012571 0.004853 0.018754 0.013506
0.961600 0.000010 0.011984 0.022710 0.003686 0.000010
0.919233 0.009190 0.020734 0.000010 0.011011 0.039823
0.884796 0.000010 0.009186 0.006646 0.016451 0.082911
0.941861 0.001875 0.022040 0.001744 0.009519 0.022961
0.957523 0.013978 0.002774 0.000010 0.011732 0.013983
0.914418 0.007915 0.016747 0.012449 0.000010 0.048461
0.859820 0.014070 0.020673 0.014680 0.000010 0.090747
0.966121 0.015018 0.009977 0.000010 0.008864 0.000010
0.946337 0.000012 0.000010 0.024252 0.029379 0.000010
0.954010 0.000010 0.001140 0.000010 0.025631 0.019200
0.978029 0.010189 0.010752 0.000010 0.000010 0.001009
0.963588 0.023533 0.012849 0.000010 0.000010 0.000010
0.958327 0.008582 0.006830 0.003755 0.012516 0.009989
0.601087 0.059119 0.031316 0.033533 0.014733 0.260212
0.962260 0.019802 0.000010 0.017908 0.000010 0.000010
0.933007 0.000010 0.034543 0.000010 0.000010 0.032419
0.930633 0.008081 0.009407 0.000133 0.016850 0.034895
0.944471 0.000010 0.010816 0.029989 0.000010 0.014704
0.666092 0.083707 0.030541 0.057965 0.000010 0.161687
0.686124 0.088315 0.029972 0.030491 0.012410 0.152688
0.929071 0.015521 0.014965 0.012386 0.002117 0.025939
0.959262 0.011183 0.027717 0.001261 0.000010 0.000566
0.944540 0.000010 0.015739 0.003927 0.007098 0.028685
0.194539 0.032440 0.025513 0.017506 0.000010 0.729993
0.136784 0.025946 0.020820 0.045157 0.000010 0.771284
0.152318 0.000010 0.023758 0.057962 0.037278 0.728674
0.196749 0.011751 0.004120 0.027484 0.013899 0.745997
0.147392 0.020963 0.000010 0.045042 0.017925 0.768669
0.150199 0.000520 0.028332 0.047333 0.034730 0.738885
0.166183 0.020353 0.013660 0.023394 0.024883 0.751526
0.241410 0.037276 0.006924 0.021455 0.000360 0.692575
0.151049 0.011809 0.031868 0.021516 0.009392 0.774366
0.158890 0.021256 0.016721 0.063673 0.005152 0.734308
0.195065 0.008693 0.039690 0.032635 0.008702 0.715214
0.214153 0.008856 0.018654 0.035889 0.014561 0.707889
0.156504 0.000010 0.006533 0.046686 0.018044 0.772222
0.224795 0.013846 0.023276 0.023620 0.013857 0.700606
0.164431 0.007253 0.018944 0.029336 0.019417 0.760620
0.197481 0.043223 0.022231 0.012595 0.000010 0.724459
0.127603 0.025760 0.015377 0.024537 0.022464 0.784259
0.133694 0.003810 0.000210 0.036474 0.033275 0.792538
0.117814 0.042356 0.026679 0.147311 0.055089 0.610751
0.300024 0.022349 0.010712 0.062687 0.000010 0.604218
0.158983 0.047692 0.024907 0.000010 0.002242 0.766165
0.188647 0.000010 0.008524 0.054154 0.013894 0.734772
0.248682 0.031366 0.000010 0.042404 0.000010 0.677528
0.177098 0.035933 0.024609 0.010891 0.004604 0.746865
0.163312 0.033185 0.022644 0.020121 0.000010 0.760728
0.205127 0.028149 0.025038 0.004410 0.000010 0.737266
0.174964 0.018020 0.022281 0.019832 0.000010 0.764893
0.782750 0.071469 0.018307 0.021253 0.020493 0.085728
0.186029 0.023548 0.015782 0.018515 0.007987 0.748139
0.790854 0.030023 0.005083 0.052694 0.042094 0.079251
0.042131 0.008653 0.075029 0.227711 0.014920 0.631557
0.045181 0.012969 0.031673 0.260198 0.042872 0.607108
0.007792 0.000010 0.026574 0.294047 0.026098 0.645479
0.041897 0.041545 0.023261 0.276305 0.000010 0.616982
0.059357 0.034734 0.026013 0.228796 0.029260 0.621839
0.032093 0.025790 0.019832 0.277111 0.002869 0.642306
0.051658 0.016891 0.012576 0.244004 0.056856 0.618015
0.051566 0.011195 0.035871 0.266184 0.024805 0.610380
0.043889 0.011188 0.059194 0.228534 0.034766 0.622430
0.038436 0.029743 0.021502 0.243555 0.028960 0.637804
0.088930 0.063541 0.028105 0.245265 0.000010 0.574149
0.058013 0.000010 0.008203 0.238029 0.062978 0.632768
0.042773 0.002685 0.019431 0.260218 0.038573 0.636320
0.046382 0.027669 0.015579 0.230017 0.029335 0.651018
0.096650 0.026274 0.023988 0.268685 0.035815 0.548588
0.028008 0.029205 0.013840 0.214090 0.046347 0.668511
0.052287 0.041463 0.038489 0.211005 0.029226 0.627530
0.054909 0.042003 0.021610 0.244070 0.000010 0.637398
0.028021 0.023136 0.022123 0.258131 0.042531 0.626058
0.029339 0.017721 0.045895 0.243947 0.036357 0.626741
0.034039 0.028042 0.023902 0.229657 0.037507 0.646852
0.031431 0.017825 0.013396 0.236833 0.060401 0.640114
0.085885 0.018286 0.029244 0.232133 0.043147 0.591304
0.035518 0.022883 0.029836 0.251245 0.035813 0.624705
0.052904 0.021219 0.015554 0.255731 0.048302 0.606289
0.069584 0.027466 0.007046 0.285941 0.024866 0.585096
0.037759 0.016334 0.021572 0.237659 0.038391 0.648285
0.063444 0.004726 0.005549 0.240420 0.068448 0.617414
0.022847 0.004709 0.000010 0.246084 0.066826 0.659525
0.016090 0.045152 0.031309 0.257445 0.014053 0.635950
0.038117 0.010693 0.041043 0.187031 0.052520 0.670595
0.047521 0.028971 0.021932 0.250407 0.032792 0.618377
0.668128 0.064408 0.029126 0.030347 0.039296 0.168695
0.644354 0.068868 0.012814 0.067402 0.008169 0.198393
0.709431 0.070046 0.009065 0.009967 0.041025 0.160466
0.812832 0.053640 0.006796 0.060956 0.026528 0.039250
0.729417 0.041651 0.028691 0.030198 0.032104 0.137938
0.680702 0.063903 0.041113 0.032926 0.038337 0.143020
0.706195 0.072431 0.008698 0.038050 0.026120 0.148507
0.708732 0.038292 0.010559 0.067874 0.018665 0.155878
0.686530 0.086911 0.025298 0.016170 0.000010 0.185081
0.676171 0.069644 0.021398 0.035576 0.018228 0.178983
0.765175 0.064370 0.046409 0.020704 0.005645 0.097697
0.719904 0.075837 0.005216 0.048906 0.001148 0.148988
0.698635 0.025099 0.001184 0.042840 0.058333 0.173909
0.686456 0.041724 0.030933 0.027325 0.022820 0.190742
0.705558 0.079482 0.000010 0.050965 0.027493 0.136491
0.731362 0.025440 0.001760 0.044704 0.074693 0.122042
0.712283 0.033555 0.037620 0.001218 0.051324 0.164000
0.667175 0.057482 0.010577 0.039312 0.031948 0.193506
0.697214 0.071532 0.026848 0.062368 0.000010 0.142028
0.678505 0.062839 0.018388 0.033420 0.021641 0.185207
0.667491 0.057227 0.033915 0.029743 0.032166 0.179457
0.686289 0.053874 0.023528 0.022846 0.016966 0.196496
0.699128 0.098713 0.019531 0.013812 0.031229 0.137587
0.695305 0.037170 0.035682 0.055276 0.003750 0.172817
0.711753 0.075873 0.014911 0.028535 0.000010 0.168917
0.734569 0.063679 0.014492 0.041108 0.008472 0.137680
0.687974 0.044886 0.000053 0.057816 0.024666 0.184605
0.694871 0.051808 0.021074 0.046072 0.040559 0.145616
0.702637 0.060753 0.023344 0.034258 0.021541 0.157468
0.689816 0.057776 0.004739 0.055817 0.015141 0.176712
0.685879 0.050971 0.015797 0.031830 0.058838 0.156684
0.718428 0.027203 0.031799 0.029918 0.019364 0.173288
0.748678 0.057056 0.010632 0.045833 0.015859 0.121942
0.784373 0.049693 0.000414 0.045530 0.021175 0.098815
0.766897 0.119884 0.018158 0.036201 0.004204 0.054657
0.782016 0.062311 0.012218 0.015713 0.026236 0.101505
0.739473 0.039837 0.025100 0.023390 0.047726 0.124475
0.787033 0.032205 0.013934 0.031323 0.055128 0.080376
0.768821 0.093330 0.023818 0.013602 0.016986 0.083443
0.737174 0.035871 0.037058 0.036094 0.036245 0.117558
0.742742 0.091427 0.013012 0.022216 0.015736 0.114867
0.791481 0.025184 0.020989 0.052194 0.034910 0.075242
0.771075 0.025334 0.016185 0.033469 0.052125 0.101813
0.757510 0.035719 0.009563 0.034794 0.033599 0.128815
0.730066 0.065592 0.002611 0.053648 0.007417 0.140666
0.749875 0.058993 0.037836 0.025415 0.008437 0.119444
0.454932 0.279961 0.034942 0.043864 0.078453 0.107847
0.808349 0.031472 0.013975 0.035638 0.036067 0.074498
0.713550 0.073932 0.000089 0.023617 0.028895 0.159918
0.759695 0.047775 0.022985 0.042030 0.027008 0.100507
0.779141 0.063618 0.016739 0.003984 0.031469 0.105049
0.737211 0.077644 0.041008 0.016113 0.014039 0.113984
0.779801 0.043487 0.022094 0.034958 0.042708 0.076953
0.809180 0.050009 0.033850 0.049918 0.000010 0.057034
0.924958 0.000010 0.022794 0.020459 0.024211 0.007568
0.884384 0.000010 0.031081 0.002364 0.025777 0.056383
0.917889 0.000010 0.035116 0.004268 0.029617 0.013099
0.932993 0.005571 0.000010 0.026331 0.022630 0.012464
0.913702 0.000010 0.004458 0.017264 0.026666 0.037899
0.916570 0.000010 0.000292 0.005255 0.034115 0.043758
0.907306 0.004383 0.000010 0.032548 0.028626 0.027127
0.904972 0.021902 0.020109 0.020513 0.000010 0.032494
0.932715 0.000010 0.011939 0.002495 0.034596 0.018245
0.936193 0.018545 0.002852 0.032793 0.000010 0.009608
0.899952 0.037824 0.026614 0.000010 0.012079 0.023521
0.906320 0.012655 0.033317 0.001604 0.000010 0.046095
0.919259 0.017704 0.020074 0.000330 0.020964 0.021669
0.747639 0.020193 0.027606 0.001904 0.020801 0.181857
0.903445 0.000010 0.019587 0.039244 0.018729 0.018984
0.887311 0.000010 0.006983 0.021499 0.045251 0.038946
0.928995 0.000010 0.002688 0.022892 0.020512 0.024903
0.904455 0.036225 0.021743 0.012650 0.002674 0.022253
0.512503 0.025112 0.007166 0.042716 0.010541 0.401963
0.947816 0.000010 0.000010 0.028078 0.024076 0.000010
0.847914 0.000010 0.005242 0.000010 0.045841 0.100983
0.926437 0.000010 0.023552 0.022993 0.000010 0.026997
0.865060 0.017665 0.000010 0.038606 0.034726 0.043934
0.926421 0.000010 0.028671 0.000256 0.017609 0.027033
0.908025 0.023553 0.024109 0.007132 0.000065 0.037114
0.912588 0.018462 0.006110 0.015488 0.000010 0.047343
0.095646 0.014766 0.029518 0.408860 0.038508 0.412703
0.126739 0.004243 0.026014 0.368375 0.049272 0.425357
0.102279 0.046040 0.000010 0.402129 0.027196 0.422347
0.118037 0.031127 0.000607 0.417076 0.045870 0.387283
0.111717 0.017468 0.000010 0.450461 0.039779 0.380564
0.112730 0.015482 0.000010 0.437452 0.031682 0.402645
0.066580 0.072430 0.030703 0.306382 0.000010 0.523895
0.090186 0.029462 0.025444 0.429199 0.025840 0.399868
0.076489 0.033734 0.000010 0.448551 0.016719 0.424498
0.099006 0.017570 0.002805 0.406014 0.047931 0.426674
0.109782 0.000010 0.016131 0.441462 0.028986 0.403629
0.101904 0.032819 0.017837 0.428906 0.027277 0.391257
0.079322 0.029321 0.009523 0.397748 0.041668 0.442417
0.091885 0.038532 0.002766 0.351965 0.037158 0.477693
0.117284 0.060125 0.005500 0.377633 0.000010 0.439448
0.076217 0.043173 0.013918 0.402724 0.022288 0.441681
0.090074 0.000010 0.000010 0.425315 0.058108 0.426484
0.103958 0.039499 0.043245 0.188899 0.008964 0.615436
0.071049 0.022048 0.000010 0.433449 0.031576 0.441868
0.120489 0.021385 0.008684 0.259293 0.032982 0.557168
0.079230 0.057397 0.015094 0.409752 0.000010 0.438516
0.095226 0.020908 0.027819 0.402702 0.024322 0.429024
0.099560 0.000010 0.000010 0.467059 0.050040 0.383321
0.145311 0.015507 0.000010 0.446187 0.045011 0.347975
0.086749 0.008350 0.006649 0.321228 0.041048 0.535976
0.387807 0.305872 0.020906 0.079321 0.065291 0.140803
0.294415 0.425091 0.002809 0.099222 0.036938 0.141525
0.331419 0.349944 0.029275 0.063029 0.072511 0.153822
0.330541 0.329110 0.051862 0.061398 0.049439 0.177650
0.389254 0.317026 0.040764 0.083034 0.025570 0.144353
0.367357 0.385914 0.024007 0.061953 0.029782 0.130986
0.325855 0.390500 0.023855 0.092582 0.029389 0.137819
0.349449 0.356360 0.033977 0.097035 0.009296 0.153884
0.253370 0.198876 0.031590 0.089808 0.043228 0.383127
0.279495 0.215183 0.042863 0.114475 0.034221 0.313764
0.313713 0.415999 0.033610 0.053773 0.008756 0.174149
0.443988 0.299027 0.001550 0.117471 0.021503 0.116461
0.380409 0.314005 0.026269 0.080308 0.053245 0.145763
0.334101 0.368967 0.030365 0.112188 0.047913 0.106466
0.272670 0.293038 0.035434 0.083040 0.029575 0.286244
0.300381 0.418479 0.003777 0.088491 0.028800 0.160071
0.295566 0.352710 0.056648 0.072441 0.054887 0.167747
0.305774 0.418524 0.034584 0.078591 0.008276 0.154252
0.364194 0.313727 0.032498 0.056985 0.089622 0.142975
0.345274 0.348996 0.029149 0.052429 0.046503 0.177648
0.351864 0.373450 0.000010 0.098069 0.019678 0.156929
0.331429 0.393835 0.024044 0.045728 0.064701 0.140263
0.350294 0.376124 0.016436 0.039723 0.050167 0.167256
0.344167 0.390150 0.048754 0.065858 0.033129 0.117942
0.373694 0.326482 0.043376 0.072134 0.063992 0.120321
0.363160 0.385627 0.036018 0.068679 0.030503 0.116013
0.362888 0.381217 0.037151 0.077882 0.008736 0.132126
0.288575 0.389380 0.027785 0.064267 0.071157 0.158836
0.333242 0.354855 0.008291 0.100046 0.040492 0.163073
0.328083 0.350140 0.039213 0.053905 0.049615 0.179044
0.308023 0.409563 0.044689 0.088159 0.032468 0.117098
0.343690 0.376397 0.000010 0.114840 0.038786 0.126277
0.354158 0.355847 0.050685 0.064978 0.005331 0.169001
0.327402 0.353504 0.052537 0.058342 0.048213 0.160003
0.222456 0.223018 0.040594 0.159152 0.034498 0.320282
0.391652 0.369188 0.020314 0.086073 0.000224 0.132550
0.358277 0.407749 0.060938 0.050878 0.007055 0.115103
0.307228 0.324532 0.063051 0.062561 0.046321 0.196306
0.135797 0.547359 0.033453 0.106907 0.091294 0.085189
0.184517 0.132311 0.000010 0.182467 0.002716 0.497979
0.141046 0.111451 0.049989 0.145043 0.036550 0.515922
0.165837 0.078268 0.014311 0.123353 0.071583 0.546648
0.199203 0.067797 0.019223 0.163247 0.047564 0.502965
0.190440 0.129859 0.017477 0.140182 0.034961 0.487082
0.158081 0.110972 0.023855 0.169245 0.036661 0.501185
0.179877 0.122601 0.039964 0.148261 0.011640 0.497657
0.203594 0.106868 0.031965 0.178873 0.050653 0.428046
0.136500 0.114800 0.036065 0.183601 0.044938 0.484097
0.232580 0.058268 0.043795 0.124529 0.052721 0.488107
0.126299 0.108722 0.031741 0.151296 0.051945 0.529997
0.166881 0.100844 0.051575 0.187270 0.011790 0.481640
0.171311 0.119800 0.035990 0.138725 0.058100 0.476073
0.197781 0.101114 0.040020 0.164443 0.013981 0.482660
0.161051 0.125620 0.013977 0.177871 0.038181 0.483299
0.173214 0.113963 0.023499 0.153451 0.039599 0.496274
0.206527 0.067921 0.030613 0.111224 0.020252 0.563462
0.165335 0.118314 0.042869 0.180648 0.025529 0.467304
0.176771 0.117983 0.036090 0.148309 0.016590 0.504256
0.000010 0.043301 0.853016 0.065021 0.038642 0.000010
0.061870 0.040579 0.439254 0.033887 0.040512 0.383898
0.000010 0.026669 0.851992 0.074073 0.002679 0.044577
0.000010 0.127630 0.394627 0.280516 0.197207 0.000010
0.000010 0.103216 0.548665 0.157694 0.190405 0.000010
0.061758 0.030730 0.283781 0.134978 0.050611 0.438142
0.000010 0.000010 0.999950 0.000010 0.000010 0.000010
0.000010 0.000010 0.999950 0.000010 0.000010 0.000010
0.000010 0.000010 0.999950 0.000010 0.000010 0.000010
0.000010 0.000010 0.911336 0.029910 0.000010 0.058724
0.043727 0.062138 0.214631 0.144696 0.167603 0.367204
0.000010 0.003511 0.954624 0.000010 0.041836 0.000010
0.000010 0.000010 0.999950 0.000010 0.000010 0.000010
0.000010 0.066883 0.795688 0.118845 0.013045 0.005530
0.000010 0.058789 0.665349 0.189862 0.049336 0.036654
0.000010 0.000010 0.999950 0.000010 0.000010 0.000010
0.054103 0.063414 0.296046 0.107702 0.049509 0.429226
0.000819 0.000010 0.994402 0.000010 0.000010 0.004749
0.000010 0.000010 0.999950 0.000010 0.000010 0.000010
0.000010 0.000010 0.999950 0.000010 0.000010 0.000010
0.000010 0.000010 0.947252 0.000010 0.000010 0.052708
0.000010 0.087683 0.660754 0.070985 0.180558 0.000010
0.000010 0.000010 0.999950 0.000010 0.000010 0.000010
0.000010 0.000010 0.999949 0.000011 0.000010 0.000010
0.000010 0.000010 0.955158 0.006120 0.000010 0.038692
0.000010 0.068770 0.760019 0.104447 0.066745 0.000010
0.000010 0.000010 0.999950 0.000010 0.000010 0.000010
0.079880 0.000010 0.620348 0.000010 0.000010 0.299743
0.000010 0.000010 0.999950 0.000010 0.000010 0.000010
0.000010 0.058014 0.688838 0.176751 0.076377 0.000010
0.000010 0.000010 0.999950 0.000010 0.000010 0.000010
0.118426 0.539596 0.070142 0.102978 0.114479 0.054380
0.155592 0.547370 0.032923 0.073610 0.127424 0.063082
0.151898 0.543368 0.025246 0.090342 0.116680 0.072466
0.171868 0.520322 0.055408 0.069391 0.075129 0.107882
0.123131 0.496684 0.041185 0.091355 0.165167 0.082478
0.165174 0.503341 0.043322 0.088001 0.101948 0.098215
0.130656 0.543175 0.037863 0.070227 0.128738 0.089340
0.125795 0.424930 0.032424 0.097402 0.136266 0.183184
0.168363 0.511421 0.034246 0.041693 0.120688 0.123588
0.158946 0.450494 0.035072 0.098116 0.077383 0.179990
0.099753 0.543067 0.020846 0.089279 0.126400 0.120654
0.142111 0.511638 0.036390 0.086985 0.132150 0.090726
0.115371 0.528996 0.060988 0.075474 0.123490 0.095680
0.096336 0.609310 0.054298 0.082343 0.090599 0.067114
0.131148 0.540822 0.016959 0.109450 0.146971 0.054650
0.105263 0.510459 0.048799 0.081762 0.147423 0.106294
0.159012 0.536010 0.041473 0.065592 0.098079 0.099833
0.130433 0.542300 0.034845 0.075200 0.127826 0.089396
0.122684 0.032151 0.017364 0.046363 0.006974 0.774465
0.119425 0.026661 0.042646 0.032714 0.016786 0.761768
0.000010 0.054712 0.107507 0.700519 0.137242 0.000010
0.000010 0.000010 0.000010 0.999950 0.000010 0.000010
0.000010 0.037944 0.120802 0.752646 0.088588 0.000010
0.000010 0.000010 0.000010 0.999950 0.000010 0.000010
0.189892 0.504093 0.005570 0.111966 0.080015 0.108464
0.175707 0.491754 0.033341 0.099141 0.114097 0.085960
0.140593 0.540098 0.026786 0.091676 0.139223 0.061623
0.097006 0.520005 0.046248 0.088201 0.151836 0.096704
0.000010 0.000616 0.131783 0.800827 0.066754 0.000010
0.018387 0.009888 0.098672 0.771909 0.044035 0.057108
0.022277 0.501851 0.133749 0.120071 0.184307 0.037745
0.049409 0.481757 0.088277 0.141407 0.175667 0.063483
0.042162 0.514975 0.088022 0.109459 0.235843 0.009539
0.024686 0.510905 0.132660 0.107527 0.224211 0.000010
0.037470 0.550350 0.113829 0.087644 0.198804 0.011903
0.006074 0.499258 0.105488 0.141854 0.202213 0.045114
0.003493 0.511569 0.123793 0.112493 0.225766 0.022886
0.000010 0.546949 0.139369 0.120982 0.192680 0.000010
0.003890 0.575529 0.137426 0.102498 0.167669 0.012988
0.000010 0.515176 0.143924 0.127842 0.197374 0.015675
0.036995 0.514545 0.117774 0.116897 0.205522 0.008267
0.012623 0.559420 0.174483 0.088895 0.147866 0.016713
0.003861 0.529598 0.128066 0.116726 0.211952 0.009797
0.025104 0.601594 0.145610 0.115725 0.111957 0.000010
0.008492 0.559626 0.095236 0.088101 0.207844 0.040700
0.041494 0.543850 0.139979 0.083978 0.188225 0.002473
0.000010 0.533335 0.124519 0.127301 0.208339 0.006497
0.004338 0.495962 0.131063 0.118836 0.219452 0.030349
0.081853 0.292634 0.106950 0.129440 0.092933 0.296191
0.048633 0.478672 0.123291 0.136759 0.212635 0.000010
0.030010 0.509021 0.119946 0.138306 0.202505 0.000212
0.016895 0.544752 0.114776 0.126189 0.193591 0.003798
0.000010 0.532486 0.113207 0.118587 0.210937 0.024774
0.016329 0.492182 0.144355 0.104275 0.211438 0.031421
0.031185 0.484857 0.142341 0.104835 0.236773 0.000010
0.012845 0.626028 0.095652 0.065347 0.185925 0.014203
0.017699 0.530134 0.105895 0.118007 0.219375 0.008890
0.022997 0.511737 0.136607 0.122641 0.195248 0.010770
0.005881 0.499327 0.144153 0.111240 0.229864 0.009536
0.004617 0.493066 0.159590 0.103836 0.219593 0.019297
0.008875 0.485461 0.152375 0.136339 0.195572 0.021378
0.014229 0.498157 0.126701 0.112327 0.242662 0.005925
0.014378 0.522827 0.129154 0.091293 0.228954 0.013395
0.003662 0.000010 0.019208 0.947726 0.000010 0.029385
0.000010 0.003969 0.032624 0.963378 0.000010 0.000010
0.000010 0.000010 0.000010 0.993612 0.006348 0.000010
0.000010 0.000010 0.000010 0.999950 0.000010 0.000010
0.000010 0.000010 0.000010 0.999950 0.000010 0.000010
0.000014 0.007231 0.103089 0.784514 0.105143 0.000010
0.000010 0.020552 0.028638 0.885942 0.030104 0.034755
0.015538 0.018825 0.073316 0.823174 0.040923 0.028225
0.000010 0.000010 0.000010 0.999950 0.000010 0.000010
0.000010 0.000010 0.000010 0.999950 0.000010 0.000010
0.000010 0.052829 0.029938 0.831948 0.000010 0.085265
0.000010 0.000010 0.000010 0.999950 0.000010 0.000010
0.000010 0.003163 0.044927 0.918178 0.011257 0.022465
0.000010 0.030741 0.067413 0.818546 0.015652 0.067639
0.000010 0.031922 0.159421 0.685830 0.089915 0.032902
0.000010 0.000010 0.018848 0.977805 0.003318 0.000010
0.000010 0.000010 0.000010 0.999950 0.000010 0.000010
0.000010 0.000010 0.000010 0.999950 0.000010 0.000010
0.000010 0.000010 0.030230 0.932505 0.001169 0.036076
0.000010 0.027940 0.030980 0.848830 0.015247 0.076994
0.086805 0.007829 0.000010 0.631914 0.000010 0.273432
0.036346 0.000010 0.008265 0.661376 0.034745 0.259258
0.012749 0.000010 0.039580 0.947641 0.000010 0.000010
0.009940 0.571626 0.095953 0.090638 0.216696 0.015147
0.044644 0.534266 0.121393 0.121185 0.178501 0.000010
0.020339 0.506107 0.126181 0.130249 0.192793 0.024331
0.026041 0.504069 0.129445 0.115958 0.224477 0.000010
0.041088 0.535209 0.115955 0.089389 0.175824 0.042535
0.028918 0.519842 0.124891 0.133169 0.168257 0.024923
0.004807 0.537902 0.122159 0.130807 0.193910 0.010415
0.017864 0.559799 0.086429 0.137513 0.198384 0.000010
0.014013 0.504159 0.117686 0.143961 0.166840 0.053342
0.041176 0.497037 0.128160 0.105273 0.210273 0.018079
0.016576 0.535442 0.129449 0.106287 0.212236 0.000010
0.000010 0.729658 0.033978 0.054373 0.166623 0.015358
0.028156 0.555183 0.039251 0.087749 0.116596 0.173064
0.000010 0.787725 0.017561 0.068413 0.103945 0.022346
0.000010 0.727037 0.025413 0.045195 0.177432 0.024914
0.020221 0.713897 0.013926 0.078961 0.172985 0.000010
0.019099 0.692167 0.043976 0.086606 0.150018 0.008135
0.058523 0.626667 0.017717 0.059092 0.165125 0.072876
0.004802 0.705371 0.035991 0.080050 0.169429 0.004357
0.008802 0.694265 0.031193 0.075577 0.190153 0.000010
0.000010 0.724888 0.038527 0.072664 0.161051 0.002860
0.000010 0.736614 0.053442 0.066331 0.123109 0.020494
0.028157 0.771420 0.039967 0.043311 0.110972 0.006173
0.076485 0.346695 0.009653 0.048444 0.115148 0.403574
0.007349 0.774628 0.016301 0.034392 0.155201 0.012128
0.000826 0.618744 0.054311 0.074336 0.251773 0.000010
0.016091 0.672359 0.043717 0.055325 0.204265 0.008243
0.052634 0.465053 0.027980 0.084364 0.123978 0.245990
0.123234 0.576708 0.021952 0.050506 0.148979 0.078621
0.003663 0.711721 0.018897 0.065017 0.170521 0.030181
0.014133 0.712468 0.037352 0.063140 0.168345 0.004562
0.000010 0.671620 0.075317 0.051922 0.178724 0.022408
0.006888 0.755070 0.031674 0.045858 0.160500 0.000010
0.000010 0.722310 0.016968 0.094623 0.149414 0.016674
0.057350 0.231999 0.060401 0.152959 0.169803 0.327488
0.000010 0.751441 0.043781 0.080689 0.123333 0.000746
0.000010 0.747285 0.038082 0.062544 0.152069 0.000010
0.000010 0.773979 0.032247 0.057933 0.120256 0.015575
0.012852 0.717671 0.000010 0.082030 0.187427 0.000010
0.000010 0.784057 0.034510 0.053816 0.115999 0.011609
0.017997 0.654819 0.019202 0.068096 0.228913 0.010973
0.006693 0.705039 0.021620 0.089629 0.177010 0.000010
0.015353 0.695114 0.054626 0.040471 0.179826 0.014610
0.000010 0.729224 0.043905 0.080218 0.146633 0.000010
0.000569 0.766359 0.027321 0.077740 0.112232 0.015779
0.000010 0.719069 0.031732 0.064483 0.167989 0.016717
0.055195 0.541241 0.036915 0.080401 0.131029 0.155218
0.000010 0.669757 0.034854 0.087695 0.207675 0.000010
0.000010 0.708268 0.019003 0.054366 0.115113 0.103238
0.035757 0.554669 0.055017 0.067027 0.264976 0.022554
0.024989 0.728991 0.031415 0.060742 0.138756 0.015107
0.006884 0.734655 0.003720 0.059783 0.184760 0.010200
0.007228 0.786675 0.018032 0.068834 0.113991 0.005239
0.000807 0.737207 0.025771 0.041599 0.154675 0.039941
0.000010 0.700778 0.033433 0.077819 0.161920 0.026041
0.000010 0.999950 0.000010 0.000010 0.000010 0.000010
0.000010 0.999950 0.000010 0.000010 0.000010 0.000010
0.000010 0.999950 0.000010 0.000010 0.000010 0.000010
0.000010 0.999950 0.000010 0.000010 0.000010 0.000010
0.000010 0.999950 0.000010 0.000010 0.000010 0.000010
0.000010 0.999950 0.000010 0.000010 0.000010 0.000010
0.000010 0.999950 0.000010 0.000010 0.000010 0.000010
0.000010 0.999950 0.000010 0.000010 0.000010 0.000010
0.000010 0.999950 0.000010 0.000010 0.000010 0.000010
0.000010 0.999950 0.000010 0.000010 0.000010 0.000010
0.000010 0.999950 0.000010 0.000010 0.000010 0.000010
0.000010 0.999950 0.000010 0.000010 0.000010 0.000010
0.000010 0.999950 0.000010 0.000010 0.000010 0.000010
0.169012 0.483551 0.065527 0.072507 0.078472 0.130931
0.140739 0.477615 0.040303 0.093052 0.091623 0.156668
0.152871 0.499362 0.041116 0.045067 0.135230 0.126354
0.162246 0.450387 0.057197 0.051757 0.125066 0.153347
0.205626 0.450736 0.042845 0.077721 0.110204 0.112868
0.193389 0.432917 0.012393 0.119776 0.131395 0.110131
0.154934 0.494475 0.025836 0.059530 0.150375 0.114849
0.132197 0.494017 0.036509 0.080612 0.113097 0.143568
0.133454 0.520044 0.018949 0.059226 0.114434 0.153892
0.146199 0.480052 0.021934 0.077861 0.145450 0.128502
0.194532 0.496069 0.022395 0.074087 0.136104 0.076813
0.264021 0.373233 0.003435 0.106653 0.084482 0.168177
0.158238 0.458670 0.052000 0.083665 0.106985 0.140442
